0.01464
0.01459
0.01459
0.01473
0.01459
0.01464
0.01482
0.01464
0.01459
0.01468
0.01468
0.07345
0.07323
0.07336
0.07332
0.07341
0.07336
0.07332
0.07345
0.07323
0.07336
0.07336
0.14668
0.14659
0.14655
0.14659
0.1465
0.14655
0.14664
0.14673
0.14664
0.1465
0.14655
0.29314
0.29314
0.29309
0.29327
0.29332
0.29314
0.29314
0.29318
0.29309
0.293
0.29309
0.73295
0.73305
0.73282
0.73295
0.73282
0.73286
0.73282
0.73309
0.73309
0.73255
0.73318
1.21009
0.01136
0.01132
0.01132
0.01141
0.01136
0.01127
0.01127
0.01136
0.01136
0.01136
0.01141
0.05595
0.056
0.05609
0.05623
0.05618
0.05591
0.05605
0.05595
0.05618
0.056
0.05605
0.11223
0.11209
0.11218
0.11245
0.11232
0.11209
0.11227
0.11209
0.11227
0.11223
0.11214
0.22418
0.22445
0.22445
0.22464
0.22459
0.22441
0.22441
0.22436
0.2245
0.22441
0.22427
0.56086
0.56095
0.56059
0.561
0.56095
0.56077
0.56136
0.56073
0.56105
0.56068
0.56073
7.965
0.52164
0.01745
0.20791
0.03755
0.07418
0.18623
0.33905
0.09964
0.01018
0.02564
0.00259
0.00291
0.25405
0.01568
0.00591
0.36914
0.00273
0.05468
0.02114
0.60468
0.61718
0.73559
0.19895
0.63491
0.06523
0.64632
0.58418
0.65182
0.00991
0.40491
0.46832
0.23832
0.07464
0.56132
0.32473
0.0885
0.01127
0.00595
0.2025
0.31423
0.03523
0.00245
0.11245
0.43664
0.66214
0.44605
0.02195
0.33932
0.21968
0.18923
0.4815
0.53595
0.04109
0.02395
0.09264
0.34268
0.41468
0.54605
0.10623
0.07241
0.71818
0.36418
0.02977
0.11891
0.007
0.06686
0.02195
0.14582
0.03341
0.41432
0.00745
0.44695
0.0075
0.00355
0.01977
0.06927
0.03068
0.01541
0.03636
0.00664
0.02882
0.59809
0.68509
0.69459
0.69445
0.64477
0.67182
0.04286
0.03014
0.95014
0.07909
0.03659
0.70964
0.052
1.066
1.15032
0.16082
0.01632
0.00359
0.02886
0.09095
0.03305
0.03291
0.02132
0.58255
0.47323
0.07814
0.57995
0.585
1.78268
0.2955
1.60195
1.58636
1.48859
0.63395
0.64995
0.65086
0.07841
0.43441
0.02227
0.14664
0.66059
0.51145
0.68427
0.12509
0.04982
0.62341
0.49859
0.48505
0.09127
0.47341
0.20695
0.50486
0.05118
0.50482
0.46155
0.47955
0.45995
0.32636
0.51909
0.46445
0.16314
0.46727
0.16727
0.12618
0.01159
0.001
0.03518
0.26009
0.01318
0.03768
0.22536
0.50632
0.58455
0.52218
1.13986
0.01291
0.10745
0.5445
0.51209
0.57677
0.51082
0.58636
0.30609
0.16609
0.58114
0.01345
0.49309
0.28677
0.13464
0.54236
0.04291
0.09377
0.24527
0.06286
0.44155
0.44705
0.44136
0.44982
0.20545
0.37223
0.00218
0.47305
0.02232
0.009
0.33145
0.15218
0.04405
0.28673
0.05195
0.24009
0.42745
0.40641
0.36055
0.44277
0.40568
0.42045
0.08264
0.40291
0.0815
0.30805
0.35486
0.11841
0.19682
0.40232
0.02036
0.20391
0.34282
0.20914
0.19818
0.27591
0.3695
0.65991
0.57486
0.62718
0.64423
0.59323
0.59432
0.63232
0.12423
0.47923
0.15477
0.32395
0.28945
0.47209
0.25755
0.00732
0.05159
0.0335
0.38673
0.72773
0.50436
0.18386
0.14145
0.3705
0.27045
0.21209
0.29173
0.32673
0.18959
0.19886
0.201
0.01941
0.02768
0.46495
0.51609
0.52895
0.01718
0.13227
0.522
0.52918
0.54086
0.38018
0.42336
0.45977
0.373
0.51977
0.50305
0.44409
1.10745
1.10959
0.723
1.73782
0.01755
0.00877
0.84159
1.21864
0.23245
0.26773
0.14873
0.17691
0.15236
0.24273
0.17686
0.09814
0.06818
0.20445
0.02582
0.23782
0.16364
0.24545
0.16686
0.13568
0.07136
0.12105
1.03177
0.47105
0.16882
0.15127
0.35795
0.07877
0.30932
0.06741
0.014
0.03005
0.24532
0.01018
0.013
0.00555
0.01368
0.45214
0.03041
0.01568
0.01741
0.01573
0.53582
0.48259
0.0125
0.20359
0.06841
0.03686
0.3405
0.43877
0.31618
0.08027
0.07255
0.093
0.04977
0.03141
0.21595
0.04895
0.10364
0.026
0.20195
0.28123
0.20277
0.28173
0.24414
0.08327
0.00714
0.00668
0.00677
0.03064
0.01082
0.02377
0.05164
0.16259
0.24764
0.33205
0.294
0.07118
0.00868
0.00536
0.16718
0.4155
0.59477
0.07455
0.09777
0.05182
0.04709
0.02364
0.09727
0.09873
0.05205
0.09127
0.02982
0.09636
0.08586
0.02668
0.09023
0.21623
0.747
0.13877
0.43355
0.03386
0.24732
0.28464
0.21864
0.25864
0.25391
0.24432
0.24436
0.25686
0.25591
0.28505
0.33468
0.40186
0.40123
0.37645
0.42459
0.445
0.34486
0.41318
0.42218
0.40432
0.31582
0.41941
0.39645
0.43995
0.41164
0.39736
0.39459
0.43745
0.10709
0.354
0.39027
0.34327
0.36182
0.15714
0.43873
0.46036
0.46368
0.35677
1.3285
0.27877
0.40664
0.42786
0.50055
0.47432
0.21709
0.13977
0.05877
0.14627
0.20418
0.06691
0.20041
0.221
0.22127
0.17164
0.07595
0.27509
0.21177
0.20059
0.08327
0.15795
0.07827
0.00495
0.17795
0.18436
0.14486
0.29209
0.24536
0.15459
0.16518
0.19273
0.0325
0.11309
0.18591
0.02186
0.17736
0.02036
0.24418
0.32559
0.00791
0.07482
0.03336
0.01391
0.02768
0.03368
0.01336
0.03641
0.18082
0.04964
0.01268
0.01136
0.03727
0.01173
0.96732
0.70027
0.84336
0.89977
0.60514
0.89723
0.81268
0.67895
0.91523
0.82159
0.82091
0.84545
0.83327
0.66668
0.82909
0.03314
0.81827
0.85009
0.00632
0.70632
0.84595
0.94745
0.88386
0.76536
0.82764
0.91373
0.72441
0.12736
0.82727
0.81473
0.73764
0.85845
0.99759
0.02909
0.23959
0.02455
0.0935
0.09264
0.01805
0.10277
0.06073
0.09245
0.03727
0.05782
0.052
0.03927
0.02055
0.02873
0.00864
0.03241
0.13186
0.019
0.04364
0.03241
0.06082
0.01377
0.01764
0.02127
0.232
0.23595
0.12995
0.00441
0.07973
0.20432
0.79682
0.59118
0.29555
0.07823
0.13614
0.00995
0.08677
0.033
0.03845
0.32673
0.3105
0.51282
0.2495
0.16268
0.08527
0.57668
1.00673
0.38209
0.53114
0.54345
0.67282
0.47623
0.45873
0.57859
0.70673
0.713
0.66127
0.56664
0.56305
0.27045
0.48641
0.32032
0.69527
0.654
0.32423
0.32005
0.53059
0.63745
0.6275
0.67568
0.64445
0.20759
0.61323
0.5995
0.63241
0.16636
0.64395
0.678
0.63405
0.61673
0.63923
0.59227
0.59659
0.62127
0.124
0.72286
0.80505
0.59732
0.13495
0.54595
0.08273
0.73377
0.16605
0.42368
0.59595
0.69777
0.62045
0.66464
0.71218
0.60859
0.601
0.3825
0.58041
0.62368
0.57891
0.22441
0.00627
0.43164
0.01732
0.02386
0.01741
0.27645
0.16927
0.44832
0.00573
0.25586
0.00677
0.01455
1.31595
0.18318
0.01009
0.705
0.00109
0.29464
0.3205
1.02809
0.06845
0.57523
0.0055
0.00773
0.00432
0.09027
0.00855
0.00336
0.07114
0.27377
0.01195
0.01895
0.00905
0.01277
0.01241
0.78641
0.93432
0.91164
0.8
1.02564
0.22755
0.41664
0.02695
0.03286
0.03105
0.00664
0.00323
0.67468
0.24105
1.34673
0.16077
0.74636
1.49159
0.01791
0.01132
0.01141
0.03855
0.85341
0.96718
0.67932
0.69691
0.72277
0.84109
0.60655
0.90259
0.77368
0.75127
0.68
0.44355
0.621
0.31986
0.30155
0.32995
0.352
0.23095
0.18286
0.35323
0.39782
0.39918
0.41155
0.35364
0.42386
0.21841
0.06995
0.20541
0.15464
0.4555
0.43959
0.47091
0.53859
0.50623
0.50036
0.36477
0.36936
0.45686
0.06545
0.32036
0.00595
0.00409
0.16164
0.00668
0.00155
0.15086
0.39486
0.70464
0.399
0.00845
0.42845
0.01245
0.00686
0.42991
0.42023
0.4015
0.38891
0.42055
0.38164
0.40973
0.23191
0.10295
0.23091
0.27623
0.08218
0.47786
0.41177
0.37632
0.04405
0.01773
0.01268
0.00859
0.33391
0.06918
0.02486
0.50591
0.57932
0.53382
0.21945
0.44986
0.86832
0.01968
0.33836
0.16732
0.10441
0.08955
0.00705
0.02259
0.05673
0.01395
0.05282
0.68759
0.65755
0.49714
0.482
0.74168
0.3495
0.57995
0.71659
0.67723
0.60973
0.70891
0.63814
0.04209
0.49032
0.56745
0.00559
0.43191
0.00559
0.48655
0.04723
0.41518
0.42464
0.17005
0.07118
0.62095
0.17509
0.59209
0.70573
0.19436
0.00409
0.14577
0.02355
0.03014
0.01068
0.22277
0.01364
0.00918
0.02241
0.033
0.15241
0.07132
0.12309
0.20695
3.33386
8.85764
0.33214
0.21841
0.18618
0.94959
0.84014
0.42186
0.12509
0.16755
0.29109
0.02045
0.22145
1.34809
0.10845
0.314
0.43732
0.12255
0.16832
0.23836
1.94809
0.22945
0.30518
0.33068
3.01877
0.82236
0.08509
0.64291
1.21255
0.10682
1.22782
1.64286
0.68732
0.49391
1.03868
1.81773
0.58318
0.10882
0.12223
0.13536
1.10986
2.2715
0.58591
0.26845
0.09941
1.27455
7.11282
0.43695
0.36605
2.41823
0.92382
0.98068
0.93091
4.951
0.02773
1.07386
1.02818
3.57836
0.14068
0.1245
0.11527
0.09168
4.77695
0.83964
0.08541
0.07182
0.20964
6.191
0.90823
0.18564
0.26964
6.49695
0.74945
0.14868
0.65682
7.02995
3.98605
0.12159
0.14245
0.14582
0.23814
0.11723
6.73336
6.37491
1.28395
1.68168
1.81491
0.94636
4.17886
4.80527
2.21164
4.03105
3.49423
0.88386
3.58555
2.46132
0.13018
4.8545
0.20745
0.35027
0.03905
0.05164
0.25232
0.20109
0.17027
0.12255
0.13723
0.0335
0.21623
4.19914
0.32564
2.90177
0.68514
0.56691
0.19659
4.45073
0.10186
0.62273
0.61259
1.37709
0.34545
0.23255
0.23468
0.16473
0.48805
0.21664
0.17091
0.26323
0.22059
4.05159
0.43405
0.09109
0.07591
0.07714
0.20186
0.40291
0.09091
0.10091
3.25123
2.14023
1.67623
1.41495
2.22559
2.94355
2.59809
1.20991
0.15864
0.03855
3.02018
1.0525
4.23841
0.11141
0.34805
0.03373
0.28136
0.39882
1.85655
11.72877
1.60673
0.10173
0.32123
0.28255
1.16927
0.32968
0.163
0.13968
0.14527
0.12
0.19855
0.93377
0.06041
3.23709
1.64745
0.65314
0.63314
4.55173
0.31168
3.02214
2.66568
0.10395
0.28377
0.39314
0.30645
2.46614
2.73286
0.27291
0.6795
0.14945
0.41764
0.38382
0.20405
0.92286
3.22468
0.40168
0.25673
0.68755
0.36418
0.51
0.30059
0.68077
2.68609
0.65691
0.19377
0.40836
0.60723
0.32777
7.06395
0.64264
0.53541
0.71764
0.22927
2.05527
0.94414
0.40205
1.75127
2.85605
1.6265
0.35805
0.92677
0.29791
0.51505
0.18736
2.84495
0.54432
3.42614
0.33686
0.20786
4.81345
0.47291
0.09427
0.42623
1.47418
4.152
0.40568
0.05845
1.16341
0.02168
2.25182
1.11641
10.29341
8.36386
0.08377
0.21577
2.06841
0.07332
0.68041
0.19777
0.08568
0.65059
0.18214
0.18105
0.13782
2.25373
0.13241
1.7335
2.74859
0.26568
3.13409
1.82391
0.74341
0.06409
0.32973
0.61545
0.14882
2.78282
0.98668
0.15077
0.39132
0.10055
0.58105
0.38677
0.40886
0.08691
4.49895
0.82541
0.23364
5.31559
0.22123
0.31491
0.29491
0.129
0.27223
2.979
0.14155
3.92532
1.43741
0.03686
0.02464
5.19409
0.32814
2.49995
0.85995
0.30445
0.16595
0.61923
1.221
0.09491
4.60241
1.02768
0.15059
9.863
0.75559
3.87523
0.26064
1.53405
3.44736
3.04782
2.52891
0.70736
0.35086
0.04373
0.06532
