1	249250621	1840658	0
2	243199373	1692347	0
3	198022430	1323118	0
4	191154276	1176209	0
5	180915260	1204646	0
6	171115067	1202006	0
7	159138663	1182483	0
8	146364022	1038157	0
9	141213431	927609	0
10	135534747	1146996	0
11	135006516	1001431	0
12	133851895	990359	0
13	115169878	601091	0
14	107349540	656836	0
15	102531392	662826	0
16	90354753	783891	0
17	81195210	782696	0
18	78077248	529750	0
19	59128983	680310	0
20	63025520	545964	0
21	48129895	281374	0
22	51304566	394659	0
X	155270560	1003407	0
Y	59373566	64222	0
MT	16569	321347	0
GL000207.1	4262	32	0
GL000226.1	15008	27417	0
GL000229.1	19913	566	0
GL000231.1	27386	854	0
GL000210.1	27682	96	0
GL000239.1	33824	683	0
GL000235.1	34474	708	0
GL000201.1	36148	99	0
GL000247.1	36422	389	0
GL000245.1	36651	389	0
GL000197.1	37175	123	0
GL000203.1	37498	136	0
GL000246.1	38154	146	0
GL000249.1	38502	127	0
GL000196.1	38914	168	0
GL000248.1	39786	149	0
GL000244.1	39929	220	0
GL000238.1	39939	109	0
GL000202.1	40103	220	0
GL000234.1	40531	3114	0
GL000232.1	40652	2594	0
GL000206.1	41001	83	0
GL000240.1	41933	504	0
GL000236.1	41934	303	0
GL000241.1	42152	742	0
GL000243.1	43341	1268	0
GL000242.1	43523	226	0
GL000230.1	43691	361	0
GL000237.1	45867	1092	0
GL000233.1	45941	446	0
GL000204.1	81310	365	0
GL000198.1	90085	1298	0
GL000208.1	92689	2502	0
GL000191.1	106433	687	0
GL000227.1	128374	476	0
GL000228.1	129120	9507	0
GL000214.1	137718	5637	0
GL000221.1	155397	1903	0
GL000209.1	159169	375	0
GL000218.1	161147	2065	0
GL000220.1	161802	48297	0
GL000213.1	164239	441	0
GL000211.1	166566	1341	0
GL000199.1	169874	25330	0
GL000217.1	172149	1181	0
GL000216.1	172294	19225	0
GL000215.1	172545	459	0
GL000205.1	174588	2409	0
GL000219.1	179198	2040	0
GL000224.1	179693	5850	0
GL000223.1	180455	979	0
GL000195.1	182896	2527	0
GL000212.1	186858	1566	0
GL000222.1	186861	2632	0
GL000200.1	187035	614	0
GL000193.1	189789	2248	0
GL000194.1	191469	2937	0
GL000225.1	211173	36394	0
GL000192.1	547496	2906	0
*	0	0	0
