1	249250621	2027258	0
2	243199373	1882721	0
3	198022430	1475648	0
4	191154276	1274814	0
5	180915260	1339502	0
6	171115067	1367268	0
7	159138663	1308305	0
8	146364022	1142164	0
9	141213431	1045317	0
10	135534747	1250707	0
11	135006516	1115286	0
12	133851895	1117057	0
13	115169878	674661	0
14	107349540	749091	0
15	102531392	758970	0
16	90354753	897679	0
17	81195210	907209	0
18	78077248	599236	0
19	59128983	767947	0
20	63025520	628025	0
21	48129895	319914	0
22	51304566	468934	0
X	155270560	633923	0
Y	59373566	335146	0
MT	16569	105304	0
GL000207.1	4262	20	0
GL000226.1	15008	17861	0
GL000229.1	19913	544	0
GL000231.1	27386	748	0
GL000210.1	27682	89	0
GL000239.1	33824	552	0
GL000235.1	34474	593	0
GL000201.1	36148	65	0
GL000247.1	36422	357	0
GL000245.1	36651	341	0
GL000197.1	37175	161	0
GL000203.1	37498	165	0
GL000246.1	38154	170	0
GL000249.1	38502	157	0
GL000196.1	38914	184	0
GL000248.1	39786	166	0
GL000244.1	39929	343	0
GL000238.1	39939	147	0
GL000202.1	40103	218	0
GL000234.1	40531	2299	0
GL000232.1	40652	1508	0
GL000206.1	41001	112	0
GL000240.1	41933	469	0
GL000236.1	41934	267	0
GL000241.1	42152	583	0
GL000243.1	43341	1193	0
GL000242.1	43523	272	0
GL000230.1	43691	227	0
GL000237.1	45867	1064	0
GL000233.1	45941	283	0
GL000204.1	81310	341	0
GL000198.1	90085	1107	0
GL000208.1	92689	1850	0
GL000191.1	106433	801	0
GL000227.1	128374	488	0
GL000228.1	129120	9009	0
GL000214.1	137718	3921	0
GL000221.1	155397	1754	0
GL000209.1	159169	329	0
GL000218.1	161147	2199	0
GL000220.1	161802	38768	0
GL000213.1	164239	408	0
GL000211.1	166566	1512	0
GL000199.1	169874	21292	0
GL000217.1	172149	1068	0
GL000216.1	172294	13165	0
GL000215.1	172545	458	0
GL000205.1	174588	1523	0
GL000219.1	179198	1435	0
GL000224.1	179693	3699	0
GL000223.1	180455	1114	0
GL000195.1	182896	1762	0
GL000212.1	186858	2035	0
GL000222.1	186861	2685	0
GL000200.1	187035	653	0
GL000193.1	189789	1559	0
GL000194.1	191469	2796	0
GL000225.1	211173	22643	0
GL000192.1	547496	2840	0
*	0	0	0
