1	249250621	1743576	0
2	243199373	1617874	0
3	198022430	1265545	0
4	191154276	1091158	0
5	180915260	1149229	0
6	171115067	1175071	0
7	159138663	1125602	0
8	146364022	985511	0
9	141213431	898793	0
10	135534747	1083403	0
11	135006516	958907	0
12	133851895	958097	0
13	115169878	576316	0
14	107349540	641363	0
15	102531392	655880	0
16	90354753	759550	0
17	81195210	785048	0
18	78077248	512141	0
19	59128983	668598	0
20	63025520	540568	0
21	48129895	273285	0
22	51304566	405379	0
X	155270560	543552	0
Y	59373566	294251	0
MT	16569	107440	0
GL000207.1	4262	20	0
GL000226.1	15008	16616	0
GL000229.1	19913	567	0
GL000231.1	27386	656	0
GL000210.1	27682	87	0
GL000239.1	33824	452	0
GL000235.1	34474	451	0
GL000201.1	36148	65	0
GL000247.1	36422	257	0
GL000245.1	36651	341	0
GL000197.1	37175	144	0
GL000203.1	37498	143	0
GL000246.1	38154	122	0
GL000249.1	38502	120	0
GL000196.1	38914	151	0
GL000248.1	39786	142	0
GL000244.1	39929	241	0
GL000238.1	39939	88	0
GL000202.1	40103	214	0
GL000234.1	40531	2101	0
GL000232.1	40652	1339	0
GL000206.1	41001	94	0
GL000240.1	41933	347	0
GL000236.1	41934	213	0
GL000241.1	42152	502	0
GL000243.1	43341	998	0
GL000242.1	43523	238	0
GL000230.1	43691	99	0
GL000237.1	45867	890	0
GL000233.1	45941	146	0
GL000204.1	81310	317	0
GL000198.1	90085	937	0
GL000208.1	92689	1604	0
GL000191.1	106433	713	0
GL000227.1	128374	441	0
GL000228.1	129120	8674	0
GL000214.1	137718	4784	0
GL000221.1	155397	1509	0
GL000209.1	159169	280	0
GL000218.1	161147	1727	0
GL000220.1	161802	46717	0
GL000213.1	164239	403	0
GL000211.1	166566	1238	0
GL000199.1	169874	21175	0
GL000217.1	172149	1183	0
GL000216.1	172294	9353	0
GL000215.1	172545	371	0
GL000205.1	174588	1471	0
GL000219.1	179198	1096	0
GL000224.1	179693	3355	0
GL000223.1	180455	929	0
GL000195.1	182896	1749	0
GL000212.1	186858	2020	0
GL000222.1	186861	2207	0
GL000200.1	187035	582	0
GL000193.1	189789	1572	0
GL000194.1	191469	2438	0
GL000225.1	211173	18221	0
GL000192.1	547496	2672	0
*	0	0	0
