1	249250621	160560	0
2	243199373	178783	0
3	198022430	148723	0
4	191154276	146485	0
5	180915260	133947	0
6	171115067	127742	0
7	159138663	111890	0
8	146364022	107803	0
9	141213431	80137	0
10	135534747	94160	0
11	135006516	94536	0
12	133851895	97027	0
13	115169878	76125	0
14	107349540	64968	0
15	102531392	57019	0
16	90354753	50698	0
17	81195210	49075	0
18	78077248	57960	0
19	59128983	31913	0
20	63025520	41678	0
21	48129895	26113	0
22	51304566	20029	0
X	155270560	54733	0
Y	59373566	4555	0
MT	16569	40053	0
GL000207.1	4262	4	0
GL000226.1	15008	7	0
GL000229.1	19913	15	0
GL000231.1	27386	14	0
GL000210.1	27682	0	0
GL000239.1	33824	1	0
GL000235.1	34474	10	0
GL000201.1	36148	0	0
GL000247.1	36422	0	0
GL000245.1	36651	1	0
GL000197.1	37175	0	0
GL000203.1	37498	2	0
GL000246.1	38154	0	0
GL000249.1	38502	0	0
GL000196.1	38914	0	0
GL000248.1	39786	2	0
GL000244.1	39929	0	0
GL000238.1	39939	0	0
GL000202.1	40103	6	0
GL000234.1	40531	12	0
GL000232.1	40652	5	0
GL000206.1	41001	0	0
GL000240.1	41933	0	0
GL000236.1	41934	0	0
GL000241.1	42152	18	0
GL000243.1	43341	1	0
GL000242.1	43523	0	0
GL000230.1	43691	5	0
GL000237.1	45867	17	0
GL000233.1	45941	4	0
GL000204.1	81310	26	0
GL000198.1	90085	17	0
GL000208.1	92689	88	0
GL000191.1	106433	5	0
GL000227.1	128374	0	0
GL000228.1	129120	1	0
GL000214.1	137718	50	0
GL000221.1	155397	5	0
GL000209.1	159169	5	0
GL000218.1	161147	20	0
GL000220.1	161802	3139	0
GL000213.1	164239	0	0
GL000211.1	166566	36	0
GL000199.1	169874	17	0
GL000217.1	172149	6	0
GL000216.1	172294	96	0
GL000215.1	172545	0	0
GL000205.1	174588	248	0
GL000219.1	179198	45	0
GL000224.1	179693	81	0
GL000223.1	180455	0	0
GL000195.1	182896	248	0
GL000212.1	186858	30	0
GL000222.1	186861	0	0
GL000200.1	187035	0	0
GL000193.1	189789	92	0
GL000194.1	191469	20	0
GL000225.1	211173	40	0
GL000192.1	547496	26	0
NC_007605	171823	0	0
hs37d5	35477943	13736	0
*	0	0	0
