1	249250621	25449	0
2	243199373	21601	0
3	198022430	17431	0
4	191154276	14800	0
5	180915260	15520	0
6	171115067	15357	0
7	159138663	16319	0
8	146364022	12802	0
9	141213431	12396	0
10	135534747	14053	0
11	135006516	12630	0
12	133851895	13768	0
13	115169878	7773	0
14	107349540	8900	0
15	102531392	9218	0
16	90354753	11162	0
17	81195210	11897	0
18	78077248	6415	0
19	59128983	10977	0
20	63025520	7193	0
21	48129895	3519	0
22	51304566	5406	0
X	155270560	9923	0
Y	59373566	3749	0
MT	16569	7272	0
GL000207.1	4262	0	0
GL000226.1	15008	72	0
GL000229.1	19913	13	0
GL000231.1	27386	4	0
GL000210.1	27682	0	0
GL000239.1	33824	13	0
GL000235.1	34474	9	0
GL000201.1	36148	2	0
GL000247.1	36422	2	0
GL000245.1	36651	2	0
GL000197.1	37175	2	0
GL000203.1	37498	4	0
GL000246.1	38154	4	0
GL000249.1	38502	1	0
GL000196.1	38914	3	0
GL000248.1	39786	3	0
GL000244.1	39929	2	0
GL000238.1	39939	1	0
GL000202.1	40103	5	0
GL000234.1	40531	13	0
GL000232.1	40652	9	0
GL000206.1	41001	2	0
GL000240.1	41933	7	0
GL000236.1	41934	7	0
GL000241.1	42152	5	0
GL000243.1	43341	14	0
GL000242.1	43523	6	0
GL000230.1	43691	6	0
GL000237.1	45867	24	0
GL000233.1	45941	2	0
GL000204.1	81310	1	0
GL000198.1	90085	5	0
GL000208.1	92689	7	0
GL000191.1	106433	21	0
GL000227.1	128374	14	0
GL000228.1	129120	144	0
GL000214.1	137718	47	0
GL000221.1	155397	22	0
GL000209.1	159169	10	0
GL000218.1	161147	26	0
GL000220.1	161802	334	0
GL000213.1	164239	8	0
GL000211.1	166566	22	0
GL000199.1	169874	63	0
GL000217.1	172149	17	0
GL000216.1	172294	208	0
GL000215.1	172545	6	0
GL000205.1	174588	9	0
GL000219.1	179198	20	0
GL000224.1	179693	38	0
GL000223.1	180455	30	0
GL000195.1	182896	20	0
GL000212.1	186858	25	0
GL000222.1	186861	29	0
GL000200.1	187035	12	0
GL000193.1	189789	18	0
GL000194.1	191469	41	0
GL000225.1	211173	350	0
GL000192.1	547496	42	0
*	0	0	0
