1	249250621	60649	0
2	243199373	45903	0
3	198022430	36649	0
4	191154276	31547	0
5	180915260	34263	0
6	171115067	32607	0
7	159138663	34357	0
8	146364022	26872	0
9	141213431	26332	0
10	135534747	29326	0
11	135006516	27488	0
12	133851895	28929	0
13	115169878	16909	0
14	107349540	19251	0
15	102531392	19339	0
16	90354753	22896	0
17	81195210	25217	0
18	78077248	14317	0
19	59128983	22137	0
20	63025520	14855	0
21	48129895	7579	0
22	51304566	11297	0
X	155270560	27956	0
Y	59373566	2301	0
MT	16569	61736	0
GL000207.1	4262	0	0
GL000226.1	15008	83	0
GL000229.1	19913	18	0
GL000231.1	27386	18	0
GL000210.1	27682	2	0
GL000239.1	33824	26	0
GL000235.1	34474	13	0
GL000201.1	36148	0	0
GL000247.1	36422	20	0
GL000245.1	36651	12	0
GL000197.1	37175	7	0
GL000203.1	37498	2	0
GL000246.1	38154	7	0
GL000249.1	38502	1	0
GL000196.1	38914	7	0
GL000248.1	39786	6	0
GL000244.1	39929	9	0
GL000238.1	39939	7	0
GL000202.1	40103	6	0
GL000234.1	40531	37	0
GL000232.1	40652	30	0
GL000206.1	41001	4	0
GL000240.1	41933	20	0
GL000236.1	41934	3	0
GL000241.1	42152	11	0
GL000243.1	43341	35	0
GL000242.1	43523	11	0
GL000230.1	43691	1	0
GL000237.1	45867	38	0
GL000233.1	45941	2	0
GL000204.1	81310	8	0
GL000198.1	90085	27	0
GL000208.1	92689	15	0
GL000191.1	106433	40	0
GL000227.1	128374	21	0
GL000228.1	129120	590	0
GL000214.1	137718	110	0
GL000221.1	155397	61	0
GL000209.1	159169	5	0
GL000218.1	161147	63	0
GL000220.1	161802	1009	0
GL000213.1	164239	11	0
GL000211.1	166566	46	0
GL000199.1	169874	99	0
GL000217.1	172149	47	0
GL000216.1	172294	279	0
GL000215.1	172545	10	0
GL000205.1	174588	29	0
GL000219.1	179198	25	0
GL000224.1	179693	97	0
GL000223.1	180455	54	0
GL000195.1	182896	30	0
GL000212.1	186858	45	0
GL000222.1	186861	77	0
GL000200.1	187035	25	0
GL000193.1	189789	39	0
GL000194.1	191469	80	0
GL000225.1	211173	749	0
GL000192.1	547496	99	0
*	0	0	0
