1	249250621	34084	0
2	243199373	24819	0
3	198022430	20261	0
4	191154276	17459	0
5	180915260	19377	0
6	171115067	17710	0
7	159138663	18367	0
8	146364022	14370	0
9	141213431	13586	0
10	135534747	15759	0
11	135006516	14741	0
12	133851895	15696	0
13	115169878	9143	0
14	107349540	10236	0
15	102531392	10020	0
16	90354753	11858	0
17	81195210	13167	0
18	78077248	7672	0
19	59128983	11105	0
20	63025520	7565	0
21	48129895	3933	0
22	51304566	5812	0
X	155270560	13253	0
Y	59373566	4134	0
MT	16569	41215	0
GL000207.1	4262	0	0
GL000226.1	15008	44	0
GL000229.1	19913	8	0
GL000231.1	27386	7	0
GL000210.1	27682	2	0
GL000239.1	33824	7	0
GL000235.1	34474	18	0
GL000201.1	36148	2	0
GL000247.1	36422	7	0
GL000245.1	36651	6	0
GL000197.1	37175	5	0
GL000203.1	37498	3	0
GL000246.1	38154	4	0
GL000249.1	38502	3	0
GL000196.1	38914	6	0
GL000248.1	39786	3	0
GL000244.1	39929	4	0
GL000238.1	39939	0	0
GL000202.1	40103	4	0
GL000234.1	40531	15	0
GL000232.1	40652	9	0
GL000206.1	41001	3	0
GL000240.1	41933	11	0
GL000236.1	41934	2	0
GL000241.1	42152	2	0
GL000243.1	43341	12	0
GL000242.1	43523	8	0
GL000230.1	43691	9	0
GL000237.1	45867	13	0
GL000233.1	45941	3	0
GL000204.1	81310	7	0
GL000198.1	90085	28	0
GL000208.1	92689	7	0
GL000191.1	106433	15	0
GL000227.1	128374	9	0
GL000228.1	129120	198	0
GL000214.1	137718	48	0
GL000221.1	155397	30	0
GL000209.1	159169	3	0
GL000218.1	161147	27	0
GL000220.1	161802	633	0
GL000213.1	164239	6	0
GL000211.1	166566	22	0
GL000199.1	169874	45	0
GL000217.1	172149	12	0
GL000216.1	172294	236	0
GL000215.1	172545	8	0
GL000205.1	174588	11	0
GL000219.1	179198	19	0
GL000224.1	179693	41	0
GL000223.1	180455	24	0
GL000195.1	182896	12	0
GL000212.1	186858	29	0
GL000222.1	186861	39	0
GL000200.1	187035	14	0
GL000193.1	189789	16	0
GL000194.1	191469	37	0
GL000225.1	211173	372	0
GL000192.1	547496	45	0
*	0	0	0
