1	249250621	54862	0
2	243199373	46087	0
3	198022430	36847	0
4	191154276	30547	0
5	180915260	32253	0
6	171115067	32540	0
7	159138663	36299	0
8	146364022	25920	0
9	141213431	27317	0
10	135534747	29567	0
11	135006516	26693	0
12	133851895	31218	0
13	115169878	16030	0
14	107349540	20070	0
15	102531392	20284	0
16	90354753	24601	0
17	81195210	30243	0
18	78077248	13271	0
19	59128983	28004	0
20	63025520	15349	0
21	48129895	7063	0
22	51304566	12921	0
X	155270560	28345	0
Y	59373566	2501	0
MT	16569	551	0
GL000207.1	4262	1	0
GL000226.1	15008	46	0
GL000229.1	19913	8	0
GL000231.1	27386	8	0
GL000210.1	27682	4	0
GL000239.1	33824	17	0
GL000235.1	34474	14	0
GL000201.1	36148	11	0
GL000247.1	36422	13	0
GL000245.1	36651	2	0
GL000197.1	37175	7	0
GL000203.1	37498	9	0
GL000246.1	38154	8	0
GL000249.1	38502	13	0
GL000196.1	38914	8	0
GL000248.1	39786	7	0
GL000244.1	39929	5	0
GL000238.1	39939	5	0
GL000202.1	40103	10	0
GL000234.1	40531	8	0
GL000232.1	40652	4	0
GL000206.1	41001	6	0
GL000240.1	41933	12	0
GL000236.1	41934	10	0
GL000241.1	42152	6	0
GL000243.1	43341	13	0
GL000242.1	43523	17	0
GL000230.1	43691	3	0
GL000237.1	45867	27	0
GL000233.1	45941	7	0
GL000204.1	81310	9	0
GL000198.1	90085	10	0
GL000208.1	92689	13	0
GL000191.1	106433	59	0
GL000227.1	128374	17	0
GL000228.1	129120	213	0
GL000214.1	137718	32	0
GL000221.1	155397	31	0
GL000209.1	159169	17	0
GL000218.1	161147	50	0
GL000220.1	161802	624	0
GL000213.1	164239	18	0
GL000211.1	166566	27	0
GL000199.1	169874	43	0
GL000217.1	172149	13	0
GL000216.1	172294	90	0
GL000215.1	172545	15	0
GL000205.1	174588	11	0
GL000219.1	179198	16	0
GL000224.1	179693	27	0
GL000223.1	180455	95	0
GL000195.1	182896	24	0
GL000212.1	186858	47	0
GL000222.1	186861	55	0
GL000200.1	187035	49	0
GL000193.1	189789	24	0
GL000194.1	191469	44	0
GL000225.1	211173	146	0
GL000192.1	547496	107	0
*	0	0	0
