1	249250621	73594	0
2	243199373	62500	0
3	198022430	49523	0
4	191154276	41598	0
5	180915260	43460	0
6	171115067	44097	0
7	159138663	48782	0
8	146364022	34916	0
9	141213431	36565	0
10	135534747	40126	0
11	135006516	35474	0
12	133851895	41733	0
13	115169878	21764	0
14	107349540	26926	0
15	102531392	27593	0
16	90354753	33175	0
17	81195210	41737	0
18	78077248	18778	0
19	59128983	37888	0
20	63025520	20780	0
21	48129895	9434	0
22	51304566	17515	0
X	155270560	38998	0
Y	59373566	4195	0
MT	16569	736	0
GL000207.1	4262	1	0
GL000226.1	15008	130	0
GL000229.1	19913	16	0
GL000231.1	27386	9	0
GL000210.1	27682	5	0
GL000239.1	33824	27	0
GL000235.1	34474	11	0
GL000201.1	36148	8	0
GL000247.1	36422	10	0
GL000245.1	36651	7	0
GL000197.1	37175	11	0
GL000203.1	37498	10	0
GL000246.1	38154	8	0
GL000249.1	38502	13	0
GL000196.1	38914	16	0
GL000248.1	39786	15	0
GL000244.1	39929	10	0
GL000238.1	39939	9	0
GL000202.1	40103	8	0
GL000234.1	40531	13	0
GL000232.1	40652	13	0
GL000206.1	41001	7	0
GL000240.1	41933	19	0
GL000236.1	41934	13	0
GL000241.1	42152	6	0
GL000243.1	43341	19	0
GL000242.1	43523	30	0
GL000230.1	43691	6	0
GL000237.1	45867	31	0
GL000233.1	45941	13	0
GL000204.1	81310	18	0
GL000198.1	90085	13	0
GL000208.1	92689	20	0
GL000191.1	106433	78	0
GL000227.1	128374	31	0
GL000228.1	129120	219	0
GL000214.1	137718	60	0
GL000221.1	155397	60	0
GL000209.1	159169	16	0
GL000218.1	161147	64	0
GL000220.1	161802	885	0
GL000213.1	164239	25	0
GL000211.1	166566	53	0
GL000199.1	169874	169	0
GL000217.1	172149	28	0
GL000216.1	172294	211	0
GL000215.1	172545	28	0
GL000205.1	174588	20	0
GL000219.1	179198	27	0
GL000224.1	179693	44	0
GL000223.1	180455	123	0
GL000195.1	182896	31	0
GL000212.1	186858	64	0
GL000222.1	186861	50	0
GL000200.1	187035	64	0
GL000193.1	189789	31	0
GL000194.1	191469	57	0
GL000225.1	211173	235	0
GL000192.1	547496	138	0
*	0	0	0
