1	249250621	18386	0
2	243199373	16296	0
3	198022430	12720	0
4	191154276	11575	0
5	180915260	11319	0
6	171115067	11496	0
7	159138663	12257	0
8	146364022	9359	0
9	141213431	9090	0
10	135534747	11069	0
11	135006516	9292	0
12	133851895	10425	0
13	115169878	5860	0
14	107349540	6653	0
15	102531392	6748	0
16	90354753	8118	0
17	81195210	9508	0
18	78077248	4718	0
19	59128983	8784	0
20	63025520	5369	0
21	48129895	2531	0
22	51304566	4212	0
X	155270560	8306	0
Y	59373566	2198	0
MT	16569	1265	0
GL000207.1	4262	0	0
GL000226.1	15008	67	0
GL000229.1	19913	7	0
GL000231.1	27386	9	0
GL000210.1	27682	1	0
GL000239.1	33824	10	0
GL000235.1	34474	3	0
GL000201.1	36148	1	0
GL000247.1	36422	3	0
GL000245.1	36651	4	0
GL000197.1	37175	1	0
GL000203.1	37498	3	0
GL000246.1	38154	2	0
GL000249.1	38502	2	0
GL000196.1	38914	1	0
GL000248.1	39786	4	0
GL000244.1	39929	0	0
GL000238.1	39939	1	0
GL000202.1	40103	1	0
GL000234.1	40531	5	0
GL000232.1	40652	6	0
GL000206.1	41001	0	0
GL000240.1	41933	5	0
GL000236.1	41934	6	0
GL000241.1	42152	3	0
GL000243.1	43341	8	0
GL000242.1	43523	5	0
GL000230.1	43691	2	0
GL000237.1	45867	12	0
GL000233.1	45941	1	0
GL000204.1	81310	1	0
GL000198.1	90085	6	0
GL000208.1	92689	12	0
GL000191.1	106433	17	0
GL000227.1	128374	14	0
GL000228.1	129120	250	0
GL000214.1	137718	28	0
GL000221.1	155397	16	0
GL000209.1	159169	4	0
GL000218.1	161147	22	0
GL000220.1	161802	427	0
GL000213.1	164239	4	0
GL000211.1	166566	18	0
GL000199.1	169874	127	0
GL000217.1	172149	19	0
GL000216.1	172294	137	0
GL000215.1	172545	6	0
GL000205.1	174588	10	0
GL000219.1	179198	9	0
GL000224.1	179693	31	0
GL000223.1	180455	19	0
GL000195.1	182896	13	0
GL000212.1	186858	19	0
GL000222.1	186861	25	0
GL000200.1	187035	13	0
GL000193.1	189789	23	0
GL000194.1	191469	23	0
GL000225.1	211173	176	0
GL000192.1	547496	39	0
*	0	0	0
