1	249250621	9032	0
2	243199373	8116	0
3	198022430	6457	0
4	191154276	5258	0
5	180915260	6036	0
6	171115067	6046	0
7	159138663	5632	0
8	146364022	4681	0
9	141213431	4679	0
10	135534747	5448	0
11	135006516	5013	0
12	133851895	5089	0
13	115169878	2972	0
14	107349540	3163	0
15	102531392	3519	0
16	90354753	3744	0
17	81195210	3803	0
18	78077248	2557	0
19	59128983	3024	0
20	63025520	3049	0
21	48129895	1131	0
22	51304566	1764	0
X	155270560	2984	0
Y	59373566	2495	0
MT	16569	7139	0
GL000207.1	4262	0	0
GL000226.1	15008	7	0
GL000229.1	19913	7	0
GL000231.1	27386	5	0
GL000210.1	27682	0	0
GL000239.1	33824	6	0
GL000235.1	34474	0	0
GL000201.1	36148	0	0
GL000247.1	36422	0	0
GL000245.1	36651	1	0
GL000197.1	37175	0	0
GL000203.1	37498	0	0
GL000246.1	38154	2	0
GL000249.1	38502	0	0
GL000196.1	38914	2	0
GL000248.1	39786	0	0
GL000244.1	39929	0	0
GL000238.1	39939	1	0
GL000202.1	40103	2	0
GL000234.1	40531	10	0
GL000232.1	40652	10	0
GL000206.1	41001	0	0
GL000240.1	41933	1	0
GL000236.1	41934	0	0
GL000241.1	42152	1	0
GL000243.1	43341	1	0
GL000242.1	43523	3	0
GL000230.1	43691	1	0
GL000237.1	45867	11	0
GL000233.1	45941	0	0
GL000204.1	81310	0	0
GL000198.1	90085	1	0
GL000208.1	92689	0	0
GL000191.1	106433	0	0
GL000227.1	128374	5	0
GL000228.1	129120	6	0
GL000214.1	137718	17	0
GL000221.1	155397	7	0
GL000209.1	159169	0	0
GL000218.1	161147	20	0
GL000220.1	161802	66	0
GL000213.1	164239	0	0
GL000211.1	166566	4	0
GL000199.1	169874	9	0
GL000217.1	172149	3	0
GL000216.1	172294	25	0
GL000215.1	172545	0	0
GL000205.1	174588	1	0
GL000219.1	179198	5	0
GL000224.1	179693	11	0
GL000223.1	180455	1	0
GL000195.1	182896	5	0
GL000212.1	186858	8	0
GL000222.1	186861	31	0
GL000200.1	187035	2	0
GL000193.1	189789	3	0
GL000194.1	191469	3	0
GL000225.1	211173	70	0
GL000192.1	547496	9	0
*	0	0	0
