1	249250621	47994	0
2	243199373	43195	0
3	198022430	34759	0
4	191154276	28979	0
5	180915260	30669	0
6	171115067	31684	0
7	159138663	31768	0
8	146364022	25958	0
9	141213431	24769	0
10	135534747	27840	0
11	135006516	25668	0
12	133851895	27311	0
13	115169878	15684	0
14	107349540	17816	0
15	102531392	17902	0
16	90354753	21630	0
17	81195210	23195	0
18	78077248	13736	0
19	59128983	20070	0
20	63025520	14955	0
21	48129895	7176	0
22	51304566	11003	0
X	155270560	18587	0
Y	59373566	6760	0
MT	16569	579	0
GL000207.1	4262	0	0
GL000226.1	15008	30	0
GL000229.1	19913	18	0
GL000231.1	27386	17	0
GL000210.1	27682	3	0
GL000239.1	33824	15	0
GL000235.1	34474	23	0
GL000201.1	36148	1	0
GL000247.1	36422	6	0
GL000245.1	36651	7	0
GL000197.1	37175	6	0
GL000203.1	37498	4	0
GL000246.1	38154	2	0
GL000249.1	38502	6	0
GL000196.1	38914	5	0
GL000248.1	39786	8	0
GL000244.1	39929	7	0
GL000238.1	39939	3	0
GL000202.1	40103	6	0
GL000234.1	40531	33	0
GL000232.1	40652	29	0
GL000206.1	41001	7	0
GL000240.1	41933	13	0
GL000236.1	41934	8	0
GL000241.1	42152	7	0
GL000243.1	43341	20	0
GL000242.1	43523	11	0
GL000230.1	43691	3	0
GL000237.1	45867	23	0
GL000233.1	45941	5	0
GL000204.1	81310	8	0
GL000198.1	90085	10	0
GL000208.1	92689	4	0
GL000191.1	106433	35	0
GL000227.1	128374	15	0
GL000228.1	129120	260	0
GL000214.1	137718	70	0
GL000221.1	155397	47	0
GL000209.1	159169	15	0
GL000218.1	161147	57	0
GL000220.1	161802	1030	0
GL000213.1	164239	13	0
GL000211.1	166566	22	0
GL000199.1	169874	31	0
GL000217.1	172149	37	0
GL000216.1	172294	202	0
GL000215.1	172545	8	0
GL000205.1	174588	15	0
GL000219.1	179198	32	0
GL000224.1	179693	53	0
GL000223.1	180455	40	0
GL000195.1	182896	28	0
GL000212.1	186858	40	0
GL000222.1	186861	53	0
GL000200.1	187035	30	0
GL000193.1	189789	26	0
GL000194.1	191469	82	0
GL000225.1	211173	445	0
GL000192.1	547496	55	0
*	0	0	0
