1	249250621	40711	0
2	243199373	34785	0
3	198022430	27787	0
4	191154276	23482	0
5	180915260	24662	0
6	171115067	24288	0
7	159138663	25498	0
8	146364022	18771	0
9	141213431	18887	0
10	135534747	21314	0
11	135006516	19393	0
12	133851895	22500	0
13	115169878	12547	0
14	107349540	14221	0
15	102531392	14876	0
16	90354753	17138	0
17	81195210	18837	0
18	78077248	10606	0
19	59128983	15752	0
20	63025520	10664	0
21	48129895	5384	0
22	51304566	8116	0
X	155270560	22992	0
Y	59373566	1980	0
MT	16569	13463	0
GL000207.1	4262	0	0
GL000226.1	15008	49	0
GL000229.1	19913	8	0
GL000231.1	27386	8	0
GL000210.1	27682	1	0
GL000239.1	33824	11	0
GL000235.1	34474	13	0
GL000201.1	36148	3	0
GL000247.1	36422	11	0
GL000245.1	36651	7	0
GL000197.1	37175	5	0
GL000203.1	37498	3	0
GL000246.1	38154	8	0
GL000249.1	38502	6	0
GL000196.1	38914	6	0
GL000248.1	39786	4	0
GL000244.1	39929	3	0
GL000238.1	39939	4	0
GL000202.1	40103	1	0
GL000234.1	40531	14	0
GL000232.1	40652	8	0
GL000206.1	41001	2	0
GL000240.1	41933	8	0
GL000236.1	41934	3	0
GL000241.1	42152	5	0
GL000243.1	43341	14	0
GL000242.1	43523	8	0
GL000230.1	43691	6	0
GL000237.1	45867	24	0
GL000233.1	45941	4	0
GL000204.1	81310	6	0
GL000198.1	90085	23	0
GL000208.1	92689	7	0
GL000191.1	106433	21	0
GL000227.1	128374	12	0
GL000228.1	129120	211	0
GL000214.1	137718	53	0
GL000221.1	155397	34	0
GL000209.1	159169	5	0
GL000218.1	161147	57	0
GL000220.1	161802	495	0
GL000213.1	164239	8	0
GL000211.1	166566	16	0
GL000199.1	169874	56	0
GL000217.1	172149	26	0
GL000216.1	172294	229	0
GL000215.1	172545	12	0
GL000205.1	174588	15	0
GL000219.1	179198	7	0
GL000224.1	179693	36	0
GL000223.1	180455	26	0
GL000195.1	182896	18	0
GL000212.1	186858	31	0
GL000222.1	186861	31	0
GL000200.1	187035	26	0
GL000193.1	189789	33	0
GL000194.1	191469	39	0
GL000225.1	211173	326	0
GL000192.1	547496	55	0
*	0	0	0
