1	249250621	77891	0
2	243199373	76233	0
3	198022430	63508	0
4	191154276	52421	0
5	180915260	53673	0
6	171115067	50898	0
7	159138663	51906	0
8	146364022	41556	0
9	141213431	38222	0
10	135534747	43858	0
11	135006516	42138	0
12	133851895	44146	0
13	115169878	29586	0
14	107349540	29102	0
15	102531392	28639	0
16	90354753	29975	0
17	81195210	31076	0
18	78077248	23775	0
19	59128983	19742	0
20	63025520	21331	0
21	48129895	11798	0
22	51304566	12089	0
X	155270560	54165	0
Y	59373566	4692	0
MT	16569	1447	0
GL000207.1	4262	0	0
GL000226.1	15008	24	0
GL000229.1	19913	8	0
GL000231.1	27386	8	0
GL000210.1	27682	1	0
GL000239.1	33824	4	0
GL000235.1	34474	14	0
GL000201.1	36148	7	0
GL000247.1	36422	3	0
GL000245.1	36651	6	0
GL000197.1	37175	17	0
GL000203.1	37498	1	0
GL000246.1	38154	14	0
GL000249.1	38502	3	0
GL000196.1	38914	3	0
GL000248.1	39786	2	0
GL000244.1	39929	25	0
GL000238.1	39939	10	0
GL000202.1	40103	10	0
GL000234.1	40531	10	0
GL000232.1	40652	4	0
GL000206.1	41001	10	0
GL000240.1	41933	14	0
GL000236.1	41934	1	0
GL000241.1	42152	2	0
GL000243.1	43341	14	0
GL000242.1	43523	6	0
GL000230.1	43691	2	0
GL000237.1	45867	18	0
GL000233.1	45941	0	0
GL000204.1	81310	13	0
GL000198.1	90085	2	0
GL000208.1	92689	4	0
GL000191.1	106433	13	0
GL000227.1	128374	7	0
GL000228.1	129120	138	0
GL000214.1	137718	60	0
GL000221.1	155397	26	0
GL000209.1	159169	5	0
GL000218.1	161147	68	0
GL000220.1	161802	322	0
GL000213.1	164239	20	0
GL000211.1	166566	16	0
GL000199.1	169874	26	0
GL000217.1	172149	19	0
GL000216.1	172294	89	0
GL000215.1	172545	16	0
GL000205.1	174588	32	0
GL000219.1	179198	19	0
GL000224.1	179693	58	0
GL000223.1	180455	27	0
GL000195.1	182896	12	0
GL000212.1	186858	22	0
GL000222.1	186861	23	0
GL000200.1	187035	14	0
GL000193.1	189789	81	0
GL000194.1	191469	41	0
GL000225.1	211173	142	0
GL000192.1	547496	35	0
*	0	0	0
