1	249250621	55597	0
2	243199373	52298	0
3	198022430	43039	0
4	191154276	36046	0
5	180915260	36933	0
6	171115067	35070	0
7	159138663	36976	0
8	146364022	28548	0
9	141213431	27039	0
10	135534747	31085	0
11	135006516	28526	0
12	133851895	30936	0
13	115169878	19810	0
14	107349540	20548	0
15	102531392	20452	0
16	90354753	21844	0
17	81195210	23579	0
18	78077248	15861	0
19	59128983	16245	0
20	63025520	14911	0
21	48129895	8238	0
22	51304566	9435	0
X	155270560	34709	0
Y	59373566	4914	0
MT	16569	3200	0
GL000207.1	4262	0	0
GL000226.1	15008	25	0
GL000229.1	19913	8	0
GL000231.1	27386	14	0
GL000210.1	27682	2	0
GL000239.1	33824	11	0
GL000235.1	34474	10	0
GL000201.1	36148	2	0
GL000247.1	36422	4	0
GL000245.1	36651	10	0
GL000197.1	37175	10	0
GL000203.1	37498	2	0
GL000246.1	38154	10	0
GL000249.1	38502	4	0
GL000196.1	38914	4	0
GL000248.1	39786	4	0
GL000244.1	39929	11	0
GL000238.1	39939	5	0
GL000202.1	40103	2	0
GL000234.1	40531	16	0
GL000232.1	40652	9	0
GL000206.1	41001	12	0
GL000240.1	41933	6	0
GL000236.1	41934	9	0
GL000241.1	42152	7	0
GL000243.1	43341	17	0
GL000242.1	43523	3	0
GL000230.1	43691	2	0
GL000237.1	45867	11	0
GL000233.1	45941	5	0
GL000204.1	81310	8	0
GL000198.1	90085	5	0
GL000208.1	92689	6	0
GL000191.1	106433	16	0
GL000227.1	128374	11	0
GL000228.1	129120	261	0
GL000214.1	137718	56	0
GL000221.1	155397	35	0
GL000209.1	159169	8	0
GL000218.1	161147	49	0
GL000220.1	161802	585	0
GL000213.1	164239	15	0
GL000211.1	166566	23	0
GL000199.1	169874	21	0
GL000217.1	172149	20	0
GL000216.1	172294	138	0
GL000215.1	172545	9	0
GL000205.1	174588	11	0
GL000219.1	179198	19	0
GL000224.1	179693	58	0
GL000223.1	180455	23	0
GL000195.1	182896	12	0
GL000212.1	186858	21	0
GL000222.1	186861	29	0
GL000200.1	187035	19	0
GL000193.1	189789	67	0
GL000194.1	191469	43	0
GL000225.1	211173	296	0
GL000192.1	547496	50	0
*	0	0	0
