1	249250621	2031	0
2	243199373	1840	0
3	198022430	1377	0
4	191154276	1211	0
5	180915260	1261	0
6	171115067	1363	0
7	159138663	1306	0
8	146364022	1064	0
9	141213431	1011	0
10	135534747	1218	0
11	135006516	979	0
12	133851895	1116	0
13	115169878	628	0
14	107349540	770	0
15	102531392	782	0
16	90354753	976	0
17	81195210	996	0
18	78077248	530	0
19	59128983	872	0
20	63025520	575	0
21	48129895	302	0
22	51304566	461	0
X	155270560	1080	0
Y	59373566	141	0
MT	16569	66	0
GL000207.1	4262	1	0
GL000226.1	15008	5	0
GL000229.1	19913	0	0
GL000231.1	27386	0	0
GL000210.1	27682	0	0
GL000239.1	33824	0	0
GL000235.1	34474	0	0
GL000201.1	36148	0	0
GL000247.1	36422	1	0
GL000245.1	36651	1	0
GL000197.1	37175	0	0
GL000203.1	37498	0	0
GL000246.1	38154	1	0
GL000249.1	38502	0	0
GL000196.1	38914	1	0
GL000248.1	39786	0	0
GL000244.1	39929	0	0
GL000238.1	39939	0	0
GL000202.1	40103	0	0
GL000234.1	40531	0	0
GL000232.1	40652	2	0
GL000206.1	41001	1	0
GL000240.1	41933	0	0
GL000236.1	41934	0	0
GL000241.1	42152	0	0
GL000243.1	43341	0	0
GL000242.1	43523	2	0
GL000230.1	43691	0	0
GL000237.1	45867	2	0
GL000233.1	45941	1	0
GL000204.1	81310	0	0
GL000198.1	90085	0	0
GL000208.1	92689	1	0
GL000191.1	106433	0	0
GL000227.1	128374	0	0
GL000228.1	129120	8	0
GL000214.1	137718	3	0
GL000221.1	155397	2	0
GL000209.1	159169	0	0
GL000218.1	161147	0	0
GL000220.1	161802	22	0
GL000213.1	164239	0	0
GL000211.1	166566	3	0
GL000199.1	169874	6	0
GL000217.1	172149	1	0
GL000216.1	172294	27	0
GL000215.1	172545	0	0
GL000205.1	174588	0	0
GL000219.1	179198	0	0
GL000224.1	179693	4	0
GL000223.1	180455	3	0
GL000195.1	182896	2	0
GL000212.1	186858	1	0
GL000222.1	186861	6	0
GL000200.1	187035	2	0
GL000193.1	189789	0	0
GL000194.1	191469	2	0
GL000225.1	211173	16	0
GL000192.1	547496	3	0
*	0	0	0
