1	249250621	5270	0
2	243199373	5234	0
3	198022430	4286	0
4	191154276	3656	0
5	180915260	3709	0
6	171115067	3606	0
7	159138663	3685	0
8	146364022	3045	0
9	141213431	2810	0
10	135534747	3130	0
11	135006516	2966	0
12	133851895	3128	0
13	115169878	2061	0
14	107349540	1937	0
15	102531392	2014	0
16	90354753	2335	0
17	81195210	2367	0
18	78077248	1721	0
19	59128983	1828	0
20	63025520	1612	0
21	48129895	757	0
22	51304566	1088	0
X	155270560	3533	0
Y	59373566	318	0
MT	16569	193	0
GL000207.1	4262	0	0
GL000226.1	15008	3	0
GL000229.1	19913	1	0
GL000231.1	27386	1	0
GL000210.1	27682	1	0
GL000239.1	33824	2	0
GL000235.1	34474	2	0
GL000201.1	36148	0	0
GL000247.1	36422	0	0
GL000245.1	36651	1	0
GL000197.1	37175	0	0
GL000203.1	37498	0	0
GL000246.1	38154	1	0
GL000249.1	38502	0	0
GL000196.1	38914	0	0
GL000248.1	39786	0	0
GL000244.1	39929	0	0
GL000238.1	39939	0	0
GL000202.1	40103	0	0
GL000234.1	40531	2	0
GL000232.1	40652	1	0
GL000206.1	41001	0	0
GL000240.1	41933	1	0
GL000236.1	41934	0	0
GL000241.1	42152	2	0
GL000243.1	43341	2	0
GL000242.1	43523	0	0
GL000230.1	43691	0	0
GL000237.1	45867	5	0
GL000233.1	45941	2	0
GL000204.1	81310	1	0
GL000198.1	90085	0	0
GL000208.1	92689	1	0
GL000191.1	106433	2	0
GL000227.1	128374	1	0
GL000228.1	129120	13	0
GL000214.1	137718	17	0
GL000221.1	155397	7	0
GL000209.1	159169	0	0
GL000218.1	161147	5	0
GL000220.1	161802	113	0
GL000213.1	164239	0	0
GL000211.1	166566	1	0
GL000199.1	169874	6	0
GL000217.1	172149	6	0
GL000216.1	172294	13	0
GL000215.1	172545	0	0
GL000205.1	174588	0	0
GL000219.1	179198	2	0
GL000224.1	179693	15	0
GL000223.1	180455	6	0
GL000195.1	182896	2	0
GL000212.1	186858	4	0
GL000222.1	186861	4	0
GL000200.1	187035	4	0
GL000193.1	189789	8	0
GL000194.1	191469	3	0
GL000225.1	211173	23	0
GL000192.1	547496	8	0
*	0	0	0
