1	249250621	32145	0
2	243199373	27673	0
3	198022430	21758	0
4	191154276	18239	0
5	180915260	19533	0
6	171115067	19707	0
7	159138663	20934	0
8	146364022	16096	0
9	141213431	16092	0
10	135534747	18261	0
11	135006516	16130	0
12	133851895	17879	0
13	115169878	9430	0
14	107349540	11690	0
15	102531392	12010	0
16	90354753	14296	0
17	81195210	16469	0
18	78077248	8252	0
19	59128983	14768	0
20	63025520	9376	0
21	48129895	4616	0
22	51304566	7612	0
X	155270560	12940	0
Y	59373566	3493	0
MT	16569	3483	0
GL000207.1	4262	1	0
GL000226.1	15008	122	0
GL000229.1	19913	14	0
GL000231.1	27386	9	0
GL000210.1	27682	1	0
GL000239.1	33824	15	0
GL000235.1	34474	6	0
GL000201.1	36148	1	0
GL000247.1	36422	4	0
GL000245.1	36651	3	0
GL000197.1	37175	1	0
GL000203.1	37498	2	0
GL000246.1	38154	4	0
GL000249.1	38502	1	0
GL000196.1	38914	4	0
GL000248.1	39786	10	0
GL000244.1	39929	5	0
GL000238.1	39939	3	0
GL000202.1	40103	6	0
GL000234.1	40531	12	0
GL000232.1	40652	13	0
GL000206.1	41001	0	0
GL000240.1	41933	5	0
GL000236.1	41934	6	0
GL000241.1	42152	2	0
GL000243.1	43341	18	0
GL000242.1	43523	12	0
GL000230.1	43691	3	0
GL000237.1	45867	15	0
GL000233.1	45941	1	0
GL000204.1	81310	6	0
GL000198.1	90085	18	0
GL000208.1	92689	10	0
GL000191.1	106433	25	0
GL000227.1	128374	8	0
GL000228.1	129120	220	0
GL000214.1	137718	38	0
GL000221.1	155397	25	0
GL000209.1	159169	9	0
GL000218.1	161147	26	0
GL000220.1	161802	613	0
GL000213.1	164239	7	0
GL000211.1	166566	32	0
GL000199.1	169874	113	0
GL000217.1	172149	15	0
GL000216.1	172294	116	0
GL000215.1	172545	8	0
GL000205.1	174588	5	0
GL000219.1	179198	16	0
GL000224.1	179693	33	0
GL000223.1	180455	33	0
GL000195.1	182896	11	0
GL000212.1	186858	29	0
GL000222.1	186861	37	0
GL000200.1	187035	18	0
GL000193.1	189789	21	0
GL000194.1	191469	34	0
GL000225.1	211173	242	0
GL000192.1	547496	55	0
*	0	0	0
