1	249250621	50961	0
2	243199373	44499	0
3	198022430	35369	0
4	191154276	30902	0
5	180915260	31354	0
6	171115067	31634	0
7	159138663	33571	0
8	146364022	25848	0
9	141213431	25279	0
10	135534747	31131	0
11	135006516	25484	0
12	133851895	28872	0
13	115169878	15489	0
14	107349540	18201	0
15	102531392	18853	0
16	90354753	22839	0
17	81195210	25588	0
18	78077248	13107	0
19	59128983	23523	0
20	63025520	14101	0
21	48129895	6958	0
22	51304566	11282	0
X	155270560	27168	0
Y	59373566	3288	0
MT	16569	2299	0
GL000207.1	4262	1	0
GL000226.1	15008	384	0
GL000229.1	19913	15	0
GL000231.1	27386	13	0
GL000210.1	27682	4	0
GL000239.1	33824	22	0
GL000235.1	34474	19	0
GL000201.1	36148	3	0
GL000247.1	36422	11	0
GL000245.1	36651	5	0
GL000197.1	37175	4	0
GL000203.1	37498	4	0
GL000246.1	38154	4	0
GL000249.1	38502	9	0
GL000196.1	38914	3	0
GL000248.1	39786	6	0
GL000244.1	39929	3	0
GL000238.1	39939	6	0
GL000202.1	40103	8	0
GL000234.1	40531	22	0
GL000232.1	40652	22	0
GL000206.1	41001	1	0
GL000240.1	41933	17	0
GL000236.1	41934	15	0
GL000241.1	42152	8	0
GL000243.1	43341	21	0
GL000242.1	43523	9	0
GL000230.1	43691	7	0
GL000237.1	45867	28	0
GL000233.1	45941	3	0
GL000204.1	81310	10	0
GL000198.1	90085	7	0
GL000208.1	92689	39	0
GL000191.1	106433	46	0
GL000227.1	128374	21	0
GL000228.1	129120	210	0
GL000214.1	137718	115	0
GL000221.1	155397	42	0
GL000209.1	159169	12	0
GL000218.1	161147	45	0
GL000220.1	161802	1104	0
GL000213.1	164239	15	0
GL000211.1	166566	48	0
GL000199.1	169874	550	0
GL000217.1	172149	24	0
GL000216.1	172294	369	0
GL000215.1	172545	11	0
GL000205.1	174588	25	0
GL000219.1	179198	25	0
GL000224.1	179693	57	0
GL000223.1	180455	69	0
GL000195.1	182896	32	0
GL000212.1	186858	47	0
GL000222.1	186861	54	0
GL000200.1	187035	33	0
GL000193.1	189789	43	0
GL000194.1	191469	38	0
GL000225.1	211173	466	0
GL000192.1	547496	98	0
*	0	0	0
