1	249250621	18449	0
2	243199373	16274	0
3	198022430	12900	0
4	191154276	11539	0
5	180915260	11762	0
6	171115067	11805	0
7	159138663	12071	0
8	146364022	9706	0
9	141213431	9254	0
10	135534747	10406	0
11	135006516	9333	0
12	133851895	10107	0
13	115169878	5900	0
14	107349540	6428	0
15	102531392	6640	0
16	90354753	8040	0
17	81195210	8465	0
18	78077248	4997	0
19	59128983	7402	0
20	63025520	5123	0
21	48129895	2638	0
22	51304566	3800	0
X	155270560	9990	0
Y	59373566	868	0
MT	16569	1773	0
GL000207.1	4262	0	0
GL000226.1	15008	89	0
GL000229.1	19913	9	0
GL000231.1	27386	6	0
GL000210.1	27682	2	0
GL000239.1	33824	2	0
GL000235.1	34474	2	0
GL000201.1	36148	1	0
GL000247.1	36422	5	0
GL000245.1	36651	5	0
GL000197.1	37175	5	0
GL000203.1	37498	2	0
GL000246.1	38154	2	0
GL000249.1	38502	0	0
GL000196.1	38914	1	0
GL000248.1	39786	2	0
GL000244.1	39929	7	0
GL000238.1	39939	2	0
GL000202.1	40103	1	0
GL000234.1	40531	13	0
GL000232.1	40652	13	0
GL000206.1	41001	1	0
GL000240.1	41933	3	0
GL000236.1	41934	4	0
GL000241.1	42152	1	0
GL000243.1	43341	7	0
GL000242.1	43523	5	0
GL000230.1	43691	4	0
GL000237.1	45867	11	0
GL000233.1	45941	6	0
GL000204.1	81310	2	0
GL000198.1	90085	8	0
GL000208.1	92689	8	0
GL000191.1	106433	20	0
GL000227.1	128374	9	0
GL000228.1	129120	56	0
GL000214.1	137718	32	0
GL000221.1	155397	21	0
GL000209.1	159169	4	0
GL000218.1	161147	22	0
GL000220.1	161802	599	0
GL000213.1	164239	3	0
GL000211.1	166566	16	0
GL000199.1	169874	74	0
GL000217.1	172149	11	0
GL000216.1	172294	125	0
GL000215.1	172545	9	0
GL000205.1	174588	7	0
GL000219.1	179198	8	0
GL000224.1	179693	44	0
GL000223.1	180455	12	0
GL000195.1	182896	18	0
GL000212.1	186858	17	0
GL000222.1	186861	21	0
GL000200.1	187035	14	0
GL000193.1	189789	25	0
GL000194.1	191469	27	0
GL000225.1	211173	211	0
GL000192.1	547496	29	0
*	0	0	0
