1	249250621	49931	0
2	243199373	50375	0
3	198022430	40044	0
4	191154276	34631	0
5	180915260	35560	0
6	171115067	32154	0
7	159138663	33285	0
8	146364022	26817	0
9	141213431	24723	0
10	135534747	28913	0
11	135006516	27012	0
12	133851895	27649	0
13	115169878	19081	0
14	107349540	18724	0
15	102531392	18361	0
16	90354753	19309	0
17	81195210	19122	0
18	78077248	15423	0
19	59128983	12353	0
20	63025520	13057	0
21	48129895	7777	0
22	51304566	7635	0
X	155270560	36026	0
Y	59373566	3490	0
MT	16569	177	0
GL000207.1	4262	0	0
GL000226.1	15008	26	0
GL000229.1	19913	7	0
GL000231.1	27386	7	0
GL000210.1	27682	1	0
GL000239.1	33824	1	0
GL000235.1	34474	8	0
GL000201.1	36148	4	0
GL000247.1	36422	1	0
GL000245.1	36651	12	0
GL000197.1	37175	19	0
GL000203.1	37498	0	0
GL000246.1	38154	5	0
GL000249.1	38502	2	0
GL000196.1	38914	0	0
GL000248.1	39786	1	0
GL000244.1	39929	7	0
GL000238.1	39939	10	0
GL000202.1	40103	2	0
GL000234.1	40531	3	0
GL000232.1	40652	0	0
GL000206.1	41001	1	0
GL000240.1	41933	4	0
GL000236.1	41934	2	0
GL000241.1	42152	4	0
GL000243.1	43341	0	0
GL000242.1	43523	8	0
GL000230.1	43691	1	0
GL000237.1	45867	7	0
GL000233.1	45941	1	0
GL000204.1	81310	5	0
GL000198.1	90085	2	0
GL000208.1	92689	2	0
GL000191.1	106433	7	0
GL000227.1	128374	0	0
GL000228.1	129120	32	0
GL000214.1	137718	39	0
GL000221.1	155397	33	0
GL000209.1	159169	5	0
GL000218.1	161147	59	0
GL000220.1	161802	214	0
GL000213.1	164239	17	0
GL000211.1	166566	17	0
GL000199.1	169874	48	0
GL000217.1	172149	9	0
GL000216.1	172294	38	0
GL000215.1	172545	9	0
GL000205.1	174588	20	0
GL000219.1	179198	14	0
GL000224.1	179693	57	0
GL000223.1	180455	22	0
GL000195.1	182896	9	0
GL000212.1	186858	12	0
GL000222.1	186861	6	0
GL000200.1	187035	10	0
GL000193.1	189789	53	0
GL000194.1	191469	27	0
GL000225.1	211173	39	0
GL000192.1	547496	42	0
*	0	0	0
