1	249250621	65405	0
2	243199373	59045	0
3	198022430	46777	0
4	191154276	40760	0
5	180915260	42171	0
6	171115067	41159	0
7	159138663	43358	0
8	146364022	33351	0
9	141213431	32664	0
10	135534747	36486	0
11	135006516	33061	0
12	133851895	36663	0
13	115169878	21698	0
14	107349540	23895	0
15	102531392	24301	0
16	90354753	27370	0
17	81195210	30924	0
18	78077248	17835	0
19	59128983	26362	0
20	63025520	17607	0
21	48129895	9484	0
22	51304566	13171	0
X	155270560	34606	0
Y	59373566	6510	0
MT	16569	1468	0
GL000207.1	4262	0	0
GL000226.1	15008	112	0
GL000229.1	19913	18	0
GL000231.1	27386	13	0
GL000210.1	27682	3	0
GL000239.1	33824	22	0
GL000235.1	34474	15	0
GL000201.1	36148	6	0
GL000247.1	36422	9	0
GL000245.1	36651	16	0
GL000197.1	37175	12	0
GL000203.1	37498	3	0
GL000246.1	38154	10	0
GL000249.1	38502	9	0
GL000196.1	38914	10	0
GL000248.1	39786	18	0
GL000244.1	39929	11	0
GL000238.1	39939	13	0
GL000202.1	40103	6	0
GL000234.1	40531	13	0
GL000232.1	40652	15	0
GL000206.1	41001	5	0
GL000240.1	41933	14	0
GL000236.1	41934	10	0
GL000241.1	42152	7	0
GL000243.1	43341	14	0
GL000242.1	43523	24	0
GL000230.1	43691	4	0
GL000237.1	45867	36	0
GL000233.1	45941	6	0
GL000204.1	81310	15	0
GL000198.1	90085	18	0
GL000208.1	92689	23	0
GL000191.1	106433	43	0
GL000227.1	128374	16	0
GL000228.1	129120	241	0
GL000214.1	137718	85	0
GL000221.1	155397	49	0
GL000209.1	159169	16	0
GL000218.1	161147	63	0
GL000220.1	161802	649	0
GL000213.1	164239	12	0
GL000211.1	166566	31	0
GL000199.1	169874	174	0
GL000217.1	172149	27	0
GL000216.1	172294	240	0
GL000215.1	172545	14	0
GL000205.1	174588	23	0
GL000219.1	179198	25	0
GL000224.1	179693	107	0
GL000223.1	180455	75	0
GL000195.1	182896	26	0
GL000212.1	186858	63	0
GL000222.1	186861	57	0
GL000200.1	187035	25	0
GL000193.1	189789	40	0
GL000194.1	191469	73	0
GL000225.1	211173	236	0
GL000192.1	547496	102	0
*	0	0	0
