1	249250621	14462	0
2	243199373	13893	0
3	198022430	10787	0
4	191154276	9005	0
5	180915260	9403	0
6	171115067	9030	0
7	159138663	9132	0
8	146364022	7149	0
9	141213431	7163	0
10	135534747	7663	0
11	135006516	7393	0
12	133851895	7717	0
13	115169878	5084	0
14	107349540	5351	0
15	102531392	5648	0
16	90354753	5803	0
17	81195210	6240	0
18	78077248	4066	0
19	59128983	5005	0
20	63025520	3730	0
21	48129895	2105	0
22	51304566	2590	0
X	155270560	9407	0
Y	59373566	774	0
MT	16569	917	0
GL000207.1	4262	0	0
GL000226.1	15008	4	0
GL000229.1	19913	1	0
GL000231.1	27386	2	0
GL000210.1	27682	1	0
GL000239.1	33824	1	0
GL000235.1	34474	4	0
GL000201.1	36148	6	0
GL000247.1	36422	0	0
GL000245.1	36651	0	0
GL000197.1	37175	2	0
GL000203.1	37498	0	0
GL000246.1	38154	5	0
GL000249.1	38502	0	0
GL000196.1	38914	0	0
GL000248.1	39786	0	0
GL000244.1	39929	1	0
GL000238.1	39939	2	0
GL000202.1	40103	0	0
GL000234.1	40531	5	0
GL000232.1	40652	2	0
GL000206.1	41001	0	0
GL000240.1	41933	0	0
GL000236.1	41934	0	0
GL000241.1	42152	0	0
GL000243.1	43341	0	0
GL000242.1	43523	3	0
GL000230.1	43691	2	0
GL000237.1	45867	6	0
GL000233.1	45941	2	0
GL000204.1	81310	3	0
GL000198.1	90085	0	0
GL000208.1	92689	2	0
GL000191.1	106433	8	0
GL000227.1	128374	1	0
GL000228.1	129120	120	0
GL000214.1	137718	7	0
GL000221.1	155397	10	0
GL000209.1	159169	1	0
GL000218.1	161147	17	0
GL000220.1	161802	112	0
GL000213.1	164239	3	0
GL000211.1	166566	4	0
GL000199.1	169874	1	0
GL000217.1	172149	0	0
GL000216.1	172294	31	0
GL000215.1	172545	0	0
GL000205.1	174588	6	0
GL000219.1	179198	5	0
GL000224.1	179693	8	0
GL000223.1	180455	12	0
GL000195.1	182896	1	0
GL000212.1	186858	3	0
GL000222.1	186861	8	0
GL000200.1	187035	3	0
GL000193.1	189789	6	0
GL000194.1	191469	13	0
GL000225.1	211173	49	0
GL000192.1	547496	3	0
*	0	0	0
