1	249250621	26232	0
2	243199373	24823	0
3	198022430	19697	0
4	191154276	16037	0
5	180915260	17083	0
6	171115067	16274	0
7	159138663	17086	0
8	146364022	13146	0
9	141213431	13023	0
10	135534747	14380	0
11	135006516	13515	0
12	133851895	14541	0
13	115169878	9016	0
14	107349540	9943	0
15	102531392	9599	0
16	90354753	10984	0
17	81195210	11798	0
18	78077248	7126	0
19	59128983	9157	0
20	63025520	7030	0
21	48129895	3797	0
22	51304566	4848	0
X	155270560	16678	0
Y	59373566	1279	0
MT	16569	171	0
GL000207.1	4262	0	0
GL000226.1	15008	4	0
GL000229.1	19913	4	0
GL000231.1	27386	1	0
GL000210.1	27682	2	0
GL000239.1	33824	6	0
GL000235.1	34474	5	0
GL000201.1	36148	1	0
GL000247.1	36422	5	0
GL000245.1	36651	2	0
GL000197.1	37175	7	0
GL000203.1	37498	0	0
GL000246.1	38154	6	0
GL000249.1	38502	5	0
GL000196.1	38914	2	0
GL000248.1	39786	1	0
GL000244.1	39929	3	0
GL000238.1	39939	5	0
GL000202.1	40103	3	0
GL000234.1	40531	5	0
GL000232.1	40652	5	0
GL000206.1	41001	16	0
GL000240.1	41933	6	0
GL000236.1	41934	5	0
GL000241.1	42152	4	0
GL000243.1	43341	6	0
GL000242.1	43523	0	0
GL000230.1	43691	1	0
GL000237.1	45867	11	0
GL000233.1	45941	2	0
GL000204.1	81310	9	0
GL000198.1	90085	2	0
GL000208.1	92689	2	0
GL000191.1	106433	11	0
GL000227.1	128374	11	0
GL000228.1	129120	56	0
GL000214.1	137718	32	0
GL000221.1	155397	12	0
GL000209.1	159169	2	0
GL000218.1	161147	27	0
GL000220.1	161802	228	0
GL000213.1	164239	5	0
GL000211.1	166566	11	0
GL000199.1	169874	9	0
GL000217.1	172149	15	0
GL000216.1	172294	62	0
GL000215.1	172545	2	0
GL000205.1	174588	15	0
GL000219.1	179198	16	0
GL000224.1	179693	28	0
GL000223.1	180455	20	0
GL000195.1	182896	8	0
GL000212.1	186858	8	0
GL000222.1	186861	11	0
GL000200.1	187035	7	0
GL000193.1	189789	25	0
GL000194.1	191469	18	0
GL000225.1	211173	117	0
GL000192.1	547496	21	0
*	0	0	0
