1	249250621	16747	0
2	243199373	15423	0
3	198022430	12175	0
4	191154276	11041	0
5	180915260	11062	0
6	171115067	10804	0
7	159138663	11324	0
8	146364022	8924	0
9	141213431	8434	0
10	135534747	9350	0
11	135006516	8617	0
12	133851895	9711	0
13	115169878	5728	0
14	107349540	6322	0
15	102531392	6207	0
16	90354753	6802	0
17	81195210	8183	0
18	78077248	4717	0
19	59128983	6815	0
20	63025520	4759	0
21	48129895	2427	0
22	51304566	3429	0
X	155270560	8747	0
Y	59373566	1494	0
MT	16569	401	0
GL000207.1	4262	0	0
GL000226.1	15008	28	0
GL000229.1	19913	17	0
GL000231.1	27386	8	0
GL000210.1	27682	1	0
GL000239.1	33824	5	0
GL000235.1	34474	3	0
GL000201.1	36148	2	0
GL000247.1	36422	4	0
GL000245.1	36651	2	0
GL000197.1	37175	3	0
GL000203.1	37498	0	0
GL000246.1	38154	1	0
GL000249.1	38502	5	0
GL000196.1	38914	4	0
GL000248.1	39786	0	0
GL000244.1	39929	9	0
GL000238.1	39939	3	0
GL000202.1	40103	1	0
GL000234.1	40531	14	0
GL000232.1	40652	6	0
GL000206.1	41001	2	0
GL000240.1	41933	4	0
GL000236.1	41934	1	0
GL000241.1	42152	1	0
GL000243.1	43341	9	0
GL000242.1	43523	7	0
GL000230.1	43691	4	0
GL000237.1	45867	10	0
GL000233.1	45941	8	0
GL000204.1	81310	7	0
GL000198.1	90085	3	0
GL000208.1	92689	6	0
GL000191.1	106433	19	0
GL000227.1	128374	3	0
GL000228.1	129120	166	0
GL000214.1	137718	57	0
GL000221.1	155397	28	0
GL000209.1	159169	6	0
GL000218.1	161147	27	0
GL000220.1	161802	420	0
GL000213.1	164239	4	0
GL000211.1	166566	11	0
GL000199.1	169874	48	0
GL000217.1	172149	13	0
GL000216.1	172294	77	0
GL000215.1	172545	2	0
GL000205.1	174588	12	0
GL000219.1	179198	13	0
GL000224.1	179693	54	0
GL000223.1	180455	28	0
GL000195.1	182896	9	0
GL000212.1	186858	12	0
GL000222.1	186861	15	0
GL000200.1	187035	16	0
GL000193.1	189789	23	0
GL000194.1	191469	30	0
GL000225.1	211173	129	0
GL000192.1	547496	22	0
*	0	0	0
