1	249250621	22307	0
2	243199373	20948	0
3	198022430	17088	0
4	191154276	14607	0
5	180915260	15056	0
6	171115067	14381	0
7	159138663	14556	0
8	146364022	11755	0
9	141213431	11127	0
10	135534747	12388	0
11	135006516	11936	0
12	133851895	12339	0
13	115169878	8043	0
14	107349540	8254	0
15	102531392	8178	0
16	90354753	8636	0
17	81195210	9005	0
18	78077248	6676	0
19	59128983	6547	0
20	63025520	6004	0
21	48129895	3419	0
22	51304566	3763	0
X	155270560	13463	0
Y	59373566	2019	0
MT	16569	5587	0
GL000207.1	4262	0	0
GL000226.1	15008	9	0
GL000229.1	19913	3	0
GL000231.1	27386	3	0
GL000210.1	27682	0	0
GL000239.1	33824	3	0
GL000235.1	34474	6	0
GL000201.1	36148	3	0
GL000247.1	36422	1	0
GL000245.1	36651	4	0
GL000197.1	37175	4	0
GL000203.1	37498	4	0
GL000246.1	38154	6	0
GL000249.1	38502	1	0
GL000196.1	38914	0	0
GL000248.1	39786	1	0
GL000244.1	39929	1	0
GL000238.1	39939	2	0
GL000202.1	40103	2	0
GL000234.1	40531	4	0
GL000232.1	40652	4	0
GL000206.1	41001	0	0
GL000240.1	41933	6	0
GL000236.1	41934	4	0
GL000241.1	42152	0	0
GL000243.1	43341	7	0
GL000242.1	43523	6	0
GL000230.1	43691	4	0
GL000237.1	45867	7	0
GL000233.1	45941	0	0
GL000204.1	81310	3	0
GL000198.1	90085	2	0
GL000208.1	92689	3	0
GL000191.1	106433	12	0
GL000227.1	128374	2	0
GL000228.1	129120	38	0
GL000214.1	137718	22	0
GL000221.1	155397	21	0
GL000209.1	159169	1	0
GL000218.1	161147	25	0
GL000220.1	161802	227	0
GL000213.1	164239	9	0
GL000211.1	166566	10	0
GL000199.1	169874	19	0
GL000217.1	172149	9	0
GL000216.1	172294	35	0
GL000215.1	172545	8	0
GL000205.1	174588	10	0
GL000219.1	179198	11	0
GL000224.1	179693	28	0
GL000223.1	180455	7	0
GL000195.1	182896	4	0
GL000212.1	186858	8	0
GL000222.1	186861	9	0
GL000200.1	187035	9	0
GL000193.1	189789	23	0
GL000194.1	191469	25	0
GL000225.1	211173	62	0
GL000192.1	547496	23	0
*	0	0	0
