1	249250621	12243	0
2	243199373	12350	0
3	198022430	9631	0
4	191154276	9190	0
5	180915260	8700	0
6	171115067	8229	0
7	159138663	8494	0
8	146364022	7180	0
9	141213431	6132	0
10	135534747	7612	0
11	135006516	6564	0
12	133851895	6737	0
13	115169878	4541	0
14	107349540	4539	0
15	102531392	4329	0
16	90354753	5035	0
17	81195210	4824	0
18	78077248	3718	0
19	59128983	4204	0
20	63025520	3220	0
21	48129895	1993	0
22	51304566	2030	0
X	155270560	7896	0
Y	59373566	901	0
MT	16569	228	0
GL000207.1	4262	0	0
GL000226.1	15008	287	0
GL000229.1	19913	16	0
GL000231.1	27386	3	0
GL000210.1	27682	0	0
GL000239.1	33824	1	0
GL000235.1	34474	3	0
GL000201.1	36148	1	0
GL000247.1	36422	3	0
GL000245.1	36651	5	0
GL000197.1	37175	5	0
GL000203.1	37498	6	0
GL000246.1	38154	0	0
GL000249.1	38502	3	0
GL000196.1	38914	1	0
GL000248.1	39786	0	0
GL000244.1	39929	4	0
GL000238.1	39939	2	0
GL000202.1	40103	0	0
GL000234.1	40531	10	0
GL000232.1	40652	3	0
GL000206.1	41001	2	0
GL000240.1	41933	3	0
GL000236.1	41934	2	0
GL000241.1	42152	5	0
GL000243.1	43341	5	0
GL000242.1	43523	5	0
GL000230.1	43691	9	0
GL000237.1	45867	2	0
GL000233.1	45941	3	0
GL000204.1	81310	6	0
GL000198.1	90085	12	0
GL000208.1	92689	34	0
GL000191.1	106433	10	0
GL000227.1	128374	7	0
GL000228.1	129120	61	0
GL000214.1	137718	26	0
GL000221.1	155397	15	0
GL000209.1	159169	3	0
GL000218.1	161147	29	0
GL000220.1	161802	968	0
GL000213.1	164239	4	0
GL000211.1	166566	6	0
GL000199.1	169874	316	0
GL000217.1	172149	15	0
GL000216.1	172294	155	0
GL000215.1	172545	10	0
GL000205.1	174588	15	0
GL000219.1	179198	16	0
GL000224.1	179693	31	0
GL000223.1	180455	7	0
GL000195.1	182896	19	0
GL000212.1	186858	10	0
GL000222.1	186861	18	0
GL000200.1	187035	6	0
GL000193.1	189789	13	0
GL000194.1	191469	16	0
GL000225.1	211173	83	0
GL000192.1	547496	24	0
*	0	0	0
