1	249250621	70758	0
2	243199373	62626	0
3	198022430	49801	0
4	191154276	42680	0
5	180915260	44356	0
6	171115067	43476	0
7	159138663	46066	0
8	146364022	34995	0
9	141213431	34806	0
10	135534747	38673	0
11	135006516	35136	0
12	133851895	38768	0
13	115169878	22887	0
14	107349540	25555	0
15	102531392	26290	0
16	90354753	29916	0
17	81195210	33251	0
18	78077248	19112	0
19	59128983	28948	0
20	63025520	18928	0
21	48129895	9737	0
22	51304566	14680	0
X	155270560	39605	0
Y	59373566	3296	0
MT	16569	8717	0
GL000207.1	4262	0	0
GL000226.1	15008	141	0
GL000229.1	19913	15	0
GL000231.1	27386	14	0
GL000210.1	27682	5	0
GL000239.1	33824	22	0
GL000235.1	34474	11	0
GL000201.1	36148	6	0
GL000247.1	36422	10	0
GL000245.1	36651	9	0
GL000197.1	37175	11	0
GL000203.1	37498	3	0
GL000246.1	38154	8	0
GL000249.1	38502	7	0
GL000196.1	38914	8	0
GL000248.1	39786	9	0
GL000244.1	39929	18	0
GL000238.1	39939	13	0
GL000202.1	40103	5	0
GL000234.1	40531	22	0
GL000232.1	40652	20	0
GL000206.1	41001	3	0
GL000240.1	41933	15	0
GL000236.1	41934	8	0
GL000241.1	42152	16	0
GL000243.1	43341	27	0
GL000242.1	43523	12	0
GL000230.1	43691	11	0
GL000237.1	45867	34	0
GL000233.1	45941	6	0
GL000204.1	81310	11	0
GL000198.1	90085	27	0
GL000208.1	92689	17	0
GL000191.1	106433	51	0
GL000227.1	128374	17	0
GL000228.1	129120	748	0
GL000214.1	137718	120	0
GL000221.1	155397	72	0
GL000209.1	159169	13	0
GL000218.1	161147	76	0
GL000220.1	161802	1524	0
GL000213.1	164239	17	0
GL000211.1	166566	44	0
GL000199.1	169874	127	0
GL000217.1	172149	38	0
GL000216.1	172294	295	0
GL000215.1	172545	27	0
GL000205.1	174588	30	0
GL000219.1	179198	33	0
GL000224.1	179693	140	0
GL000223.1	180455	62	0
GL000195.1	182896	48	0
GL000212.1	186858	64	0
GL000222.1	186861	75	0
GL000200.1	187035	36	0
GL000193.1	189789	69	0
GL000194.1	191469	98	0
GL000225.1	211173	581	0
GL000192.1	547496	116	0
*	0	0	0
