1	249250621	37570	0
2	243199373	30069	0
3	198022430	23979	0
4	191154276	20743	0
5	180915260	22438	0
6	171115067	21034	0
7	159138663	22097	0
8	146364022	16988	0
9	141213431	16722	0
10	135534747	18558	0
11	135006516	16944	0
12	133851895	18777	0
13	115169878	11126	0
14	107349540	12351	0
15	102531392	12487	0
16	90354753	14105	0
17	81195210	15634	0
18	78077248	9284	0
19	59128983	13355	0
20	63025520	9009	0
21	48129895	4863	0
22	51304566	6643	0
X	155270560	16400	0
Y	59373566	3160	0
MT	16569	34589	0
GL000207.1	4262	2	0
GL000226.1	15008	66	0
GL000229.1	19913	13	0
GL000231.1	27386	10	0
GL000210.1	27682	0	0
GL000239.1	33824	10	0
GL000235.1	34474	15	0
GL000201.1	36148	3	0
GL000247.1	36422	10	0
GL000245.1	36651	8	0
GL000197.1	37175	5	0
GL000203.1	37498	1	0
GL000246.1	38154	8	0
GL000249.1	38502	2	0
GL000196.1	38914	2	0
GL000248.1	39786	2	0
GL000244.1	39929	7	0
GL000238.1	39939	4	0
GL000202.1	40103	5	0
GL000234.1	40531	17	0
GL000232.1	40652	16	0
GL000206.1	41001	0	0
GL000240.1	41933	8	0
GL000236.1	41934	5	0
GL000241.1	42152	6	0
GL000243.1	43341	17	0
GL000242.1	43523	5	0
GL000230.1	43691	4	0
GL000237.1	45867	23	0
GL000233.1	45941	5	0
GL000204.1	81310	15	0
GL000198.1	90085	12	0
GL000208.1	92689	8	0
GL000191.1	106433	23	0
GL000227.1	128374	15	0
GL000228.1	129120	368	0
GL000214.1	137718	85	0
GL000221.1	155397	40	0
GL000209.1	159169	2	0
GL000218.1	161147	36	0
GL000220.1	161802	1328	0
GL000213.1	164239	9	0
GL000211.1	166566	23	0
GL000199.1	169874	76	0
GL000217.1	172149	21	0
GL000216.1	172294	149	0
GL000215.1	172545	17	0
GL000205.1	174588	12	0
GL000219.1	179198	19	0
GL000224.1	179693	81	0
GL000223.1	180455	38	0
GL000195.1	182896	14	0
GL000212.1	186858	28	0
GL000222.1	186861	37	0
GL000200.1	187035	21	0
GL000193.1	189789	39	0
GL000194.1	191469	41	0
GL000225.1	211173	313	0
GL000192.1	547496	41	0
*	0	0	0
