1	249250621	82798	0
2	243199373	74001	0
3	198022430	58938	0
4	191154276	49294	0
5	180915260	53815	0
6	171115067	53600	0
7	159138663	52737	0
8	146364022	44308	0
9	141213431	42268	0
10	135534747	48359	0
11	135006516	43813	0
12	133851895	45299	0
13	115169878	27196	0
14	107349540	30202	0
15	102531392	30913	0
16	90354753	35442	0
17	81195210	37885	0
18	78077248	23908	0
19	59128983	31507	0
20	63025520	25071	0
21	48129895	12653	0
22	51304566	18542	0
X	155270560	42909	0
Y	59373566	3403	0
MT	16569	11769	0
GL000207.1	4262	2	0
GL000226.1	15008	72	0
GL000229.1	19913	15	0
GL000231.1	27386	22	0
GL000210.1	27682	5	0
GL000239.1	33824	21	0
GL000235.1	34474	18	0
GL000201.1	36148	8	0
GL000247.1	36422	10	0
GL000245.1	36651	11	0
GL000197.1	37175	13	0
GL000203.1	37498	2	0
GL000246.1	38154	9	0
GL000249.1	38502	7	0
GL000196.1	38914	6	0
GL000248.1	39786	9	0
GL000244.1	39929	11	0
GL000238.1	39939	9	0
GL000202.1	40103	8	0
GL000234.1	40531	49	0
GL000232.1	40652	20	0
GL000206.1	41001	4	0
GL000240.1	41933	17	0
GL000236.1	41934	10	0
GL000241.1	42152	8	0
GL000243.1	43341	35	0
GL000242.1	43523	22	0
GL000230.1	43691	6	0
GL000237.1	45867	40	0
GL000233.1	45941	9	0
GL000204.1	81310	17	0
GL000198.1	90085	14	0
GL000208.1	92689	13	0
GL000191.1	106433	42	0
GL000227.1	128374	18	0
GL000228.1	129120	549	0
GL000214.1	137718	97	0
GL000221.1	155397	57	0
GL000209.1	159169	12	0
GL000218.1	161147	90	0
GL000220.1	161802	997	0
GL000213.1	164239	12	0
GL000211.1	166566	62	0
GL000199.1	169874	101	0
GL000217.1	172149	27	0
GL000216.1	172294	329	0
GL000215.1	172545	19	0
GL000205.1	174588	28	0
GL000219.1	179198	34	0
GL000224.1	179693	118	0
GL000223.1	180455	52	0
GL000195.1	182896	27	0
GL000212.1	186858	52	0
GL000222.1	186861	127	0
GL000200.1	187035	28	0
GL000193.1	189789	84	0
GL000194.1	191469	116	0
GL000225.1	211173	760	0
GL000192.1	547496	109	0
*	0	0	0
