1	249250621	27075	0
2	243199373	14517	0
3	198022430	11558	0
4	191154276	9594	0
5	180915260	12058	0
6	171115067	9784	0
7	159138663	9938	0
8	146364022	8088	0
9	141213431	7504	0
10	135534747	8752	0
11	135006516	8592	0
12	133851895	8713	0
13	115169878	5752	0
14	107349540	5599	0
15	102531392	5517	0
16	90354753	5911	0
17	81195210	6358	0
18	78077248	4592	0
19	59128983	4891	0
20	63025520	4522	0
21	48129895	2334	0
22	51304566	3003	0
X	155270560	8290	0
Y	59373566	1883	0
MT	16569	100452	0
GL000207.1	4262	0	0
GL000226.1	15008	4	0
GL000229.1	19913	2	0
GL000231.1	27386	3	0
GL000210.1	27682	1	0
GL000239.1	33824	0	0
GL000235.1	34474	5	0
GL000201.1	36148	5	0
GL000247.1	36422	2	0
GL000245.1	36651	4	0
GL000197.1	37175	3	0
GL000203.1	37498	0	0
GL000246.1	38154	6	0
GL000249.1	38502	0	0
GL000196.1	38914	0	0
GL000248.1	39786	0	0
GL000244.1	39929	2	0
GL000238.1	39939	3	0
GL000202.1	40103	0	0
GL000234.1	40531	5	0
GL000232.1	40652	3	0
GL000206.1	41001	1	0
GL000240.1	41933	3	0
GL000236.1	41934	1	0
GL000241.1	42152	0	0
GL000243.1	43341	2	0
GL000242.1	43523	0	0
GL000230.1	43691	0	0
GL000237.1	45867	2	0
GL000233.1	45941	1	0
GL000204.1	81310	12	0
GL000198.1	90085	2	0
GL000208.1	92689	0	0
GL000191.1	106433	4	0
GL000227.1	128374	3	0
GL000228.1	129120	115	0
GL000214.1	137718	20	0
GL000221.1	155397	10	0
GL000209.1	159169	5	0
GL000218.1	161147	22	0
GL000220.1	161802	170	0
GL000213.1	164239	5	0
GL000211.1	166566	10	0
GL000199.1	169874	6	0
GL000217.1	172149	3	0
GL000216.1	172294	38	0
GL000215.1	172545	5	0
GL000205.1	174588	7	0
GL000219.1	179198	9	0
GL000224.1	179693	14	0
GL000223.1	180455	6	0
GL000195.1	182896	1	0
GL000212.1	186858	9	0
GL000222.1	186861	20	0
GL000200.1	187035	5	0
GL000193.1	189789	11	0
GL000194.1	191469	13	0
GL000225.1	211173	114	0
GL000192.1	547496	13	0
*	0	0	0
