1	249250621	44505	0
2	243199373	44637	0
3	198022430	35184	0
4	191154276	29527	0
5	180915260	31398	0
6	171115067	29134	0
7	159138663	30497	0
8	146364022	23664	0
9	141213431	22234	0
10	135534747	25607	0
11	135006516	23628	0
12	133851895	25790	0
13	115169878	16852	0
14	107349540	16782	0
15	102531392	16584	0
16	90354753	17880	0
17	81195210	18606	0
18	78077248	13289	0
19	59128983	13469	0
20	63025520	11929	0
21	48129895	6741	0
22	51304566	7449	0
X	155270560	29100	0
Y	59373566	3385	0
MT	16569	993	0
GL000207.1	4262	0	0
GL000226.1	15008	12	0
GL000229.1	19913	6	0
GL000231.1	27386	10	0
GL000210.1	27682	1	0
GL000239.1	33824	4	0
GL000235.1	34474	8	0
GL000201.1	36148	0	0
GL000247.1	36422	4	0
GL000245.1	36651	5	0
GL000197.1	37175	9	0
GL000203.1	37498	1	0
GL000246.1	38154	6	0
GL000249.1	38502	1	0
GL000196.1	38914	3	0
GL000248.1	39786	5	0
GL000244.1	39929	14	0
GL000238.1	39939	5	0
GL000202.1	40103	2	0
GL000234.1	40531	5	0
GL000232.1	40652	8	0
GL000206.1	41001	0	0
GL000240.1	41933	6	0
GL000236.1	41934	6	0
GL000241.1	42152	5	0
GL000243.1	43341	5	0
GL000242.1	43523	4	0
GL000230.1	43691	0	0
GL000237.1	45867	21	0
GL000233.1	45941	2	0
GL000204.1	81310	1	0
GL000198.1	90085	4	0
GL000208.1	92689	3	0
GL000191.1	106433	25	0
GL000227.1	128374	6	0
GL000228.1	129120	110	0
GL000214.1	137718	38	0
GL000221.1	155397	34	0
GL000209.1	159169	4	0
GL000218.1	161147	60	0
GL000220.1	161802	470	0
GL000213.1	164239	7	0
GL000211.1	166566	17	0
GL000199.1	169874	23	0
GL000217.1	172149	8	0
GL000216.1	172294	70	0
GL000215.1	172545	8	0
GL000205.1	174588	18	0
GL000219.1	179198	26	0
GL000224.1	179693	50	0
GL000223.1	180455	23	0
GL000195.1	182896	10	0
GL000212.1	186858	23	0
GL000222.1	186861	14	0
GL000200.1	187035	16	0
GL000193.1	189789	51	0
GL000194.1	191469	44	0
GL000225.1	211173	117	0
GL000192.1	547496	30	0
*	0	0	0
