1	249250621	55282	0
2	243199373	51667	0
3	198022430	41697	0
4	191154276	36096	0
5	180915260	36248	0
6	171115067	34947	0
7	159138663	36618	0
8	146364022	28384	0
9	141213431	27282	0
10	135534747	30924	0
11	135006516	28158	0
12	133851895	30358	0
13	115169878	18947	0
14	107349540	20174	0
15	102531392	20061	0
16	90354753	22026	0
17	81195210	23004	0
18	78077248	15862	0
19	59128983	18412	0
20	63025520	14383	0
21	48129895	8113	0
22	51304566	9903	0
X	155270560	34456	0
Y	59373566	3228	0
MT	16569	7692	0
GL000207.1	4262	0	0
GL000226.1	15008	81	0
GL000229.1	19913	13	0
GL000231.1	27386	17	0
GL000210.1	27682	6	0
GL000239.1	33824	8	0
GL000235.1	34474	16	0
GL000201.1	36148	6	0
GL000247.1	36422	15	0
GL000245.1	36651	9	0
GL000197.1	37175	7	0
GL000203.1	37498	4	0
GL000246.1	38154	13	0
GL000249.1	38502	6	0
GL000196.1	38914	8	0
GL000248.1	39786	4	0
GL000244.1	39929	11	0
GL000238.1	39939	6	0
GL000202.1	40103	1	0
GL000234.1	40531	18	0
GL000232.1	40652	12	0
GL000206.1	41001	1	0
GL000240.1	41933	17	0
GL000236.1	41934	8	0
GL000241.1	42152	6	0
GL000243.1	43341	20	0
GL000242.1	43523	13	0
GL000230.1	43691	11	0
GL000237.1	45867	21	0
GL000233.1	45941	10	0
GL000204.1	81310	9	0
GL000198.1	90085	22	0
GL000208.1	92689	12	0
GL000191.1	106433	44	0
GL000227.1	128374	9	0
GL000228.1	129120	345	0
GL000214.1	137718	87	0
GL000221.1	155397	58	0
GL000209.1	159169	8	0
GL000218.1	161147	87	0
GL000220.1	161802	840	0
GL000213.1	164239	21	0
GL000211.1	166566	30	0
GL000199.1	169874	91	0
GL000217.1	172149	23	0
GL000216.1	172294	196	0
GL000215.1	172545	14	0
GL000205.1	174588	35	0
GL000219.1	179198	39	0
GL000224.1	179693	122	0
GL000223.1	180455	51	0
GL000195.1	182896	20	0
GL000212.1	186858	32	0
GL000222.1	186861	58	0
GL000200.1	187035	32	0
GL000193.1	189789	55	0
GL000194.1	191469	77	0
GL000225.1	211173	357	0
GL000192.1	547496	68	0
*	0	0	0
