1	249250621	49605	0
2	243199373	45679	0
3	198022430	36696	0
4	191154276	31563	0
5	180915260	32604	0
6	171115067	31105	0
7	159138663	32090	0
8	146364022	25502	0
9	141213431	24332	0
10	135534747	27697	0
11	135006516	24950	0
12	133851895	26886	0
13	115169878	17115	0
14	107349540	17892	0
15	102531392	17951	0
16	90354753	19161	0
17	81195210	20552	0
18	78077248	14238	0
19	59128983	16389	0
20	63025520	13021	0
21	48129895	7304	0
22	51304566	8814	0
X	155270560	27231	0
Y	59373566	4302	0
MT	16569	10621	0
GL000207.1	4262	0	0
GL000226.1	15008	68	0
GL000229.1	19913	10	0
GL000231.1	27386	9	0
GL000210.1	27682	2	0
GL000239.1	33824	7	0
GL000235.1	34474	10	0
GL000201.1	36148	4	0
GL000247.1	36422	12	0
GL000245.1	36651	5	0
GL000197.1	37175	8	0
GL000203.1	37498	1	0
GL000246.1	38154	7	0
GL000249.1	38502	4	0
GL000196.1	38914	6	0
GL000248.1	39786	2	0
GL000244.1	39929	13	0
GL000238.1	39939	5	0
GL000202.1	40103	1	0
GL000234.1	40531	13	0
GL000232.1	40652	4	0
GL000206.1	41001	1	0
GL000240.1	41933	9	0
GL000236.1	41934	1	0
GL000241.1	42152	2	0
GL000243.1	43341	13	0
GL000242.1	43523	9	0
GL000230.1	43691	3	0
GL000237.1	45867	30	0
GL000233.1	45941	6	0
GL000204.1	81310	19	0
GL000198.1	90085	7	0
GL000208.1	92689	10	0
GL000191.1	106433	21	0
GL000227.1	128374	17	0
GL000228.1	129120	272	0
GL000214.1	137718	77	0
GL000221.1	155397	46	0
GL000209.1	159169	9	0
GL000218.1	161147	70	0
GL000220.1	161802	677	0
GL000213.1	164239	15	0
GL000211.1	166566	32	0
GL000199.1	169874	83	0
GL000217.1	172149	24	0
GL000216.1	172294	138	0
GL000215.1	172545	19	0
GL000205.1	174588	37	0
GL000219.1	179198	15	0
GL000224.1	179693	77	0
GL000223.1	180455	42	0
GL000195.1	182896	19	0
GL000212.1	186858	35	0
GL000222.1	186861	32	0
GL000200.1	187035	21	0
GL000193.1	189789	50	0
GL000194.1	191469	63	0
GL000225.1	211173	264	0
GL000192.1	547496	36	0
*	0	0	0
