1	249250621	21837	0
2	243199373	21663	0
3	198022430	17592	0
4	191154276	15093	0
5	180915260	15669	0
6	171115067	14568	0
7	159138663	14691	0
8	146364022	11836	0
9	141213431	10790	0
10	135534747	12698	0
11	135006516	11573	0
12	133851895	12218	0
13	115169878	8234	0
14	107349540	8151	0
15	102531392	7991	0
16	90354753	8273	0
17	81195210	8700	0
18	78077248	6755	0
19	59128983	5639	0
20	63025520	5862	0
21	48129895	3454	0
22	51304566	3406	0
X	155270560	15727	0
Y	59373566	1569	0
MT	16569	258	0
GL000207.1	4262	0	0
GL000226.1	15008	1	0
GL000229.1	19913	2	0
GL000231.1	27386	7	0
GL000210.1	27682	0	0
GL000239.1	33824	4	0
GL000235.1	34474	4	0
GL000201.1	36148	6	0
GL000247.1	36422	2	0
GL000245.1	36651	2	0
GL000197.1	37175	13	0
GL000203.1	37498	1	0
GL000246.1	38154	5	0
GL000249.1	38502	0	0
GL000196.1	38914	0	0
GL000248.1	39786	0	0
GL000244.1	39929	8	0
GL000238.1	39939	1	0
GL000202.1	40103	1	0
GL000234.1	40531	0	0
GL000232.1	40652	1	0
GL000206.1	41001	2	0
GL000240.1	41933	1	0
GL000236.1	41934	0	0
GL000241.1	42152	0	0
GL000243.1	43341	0	0
GL000242.1	43523	0	0
GL000230.1	43691	0	0
GL000237.1	45867	4	0
GL000233.1	45941	0	0
GL000204.1	81310	3	0
GL000198.1	90085	0	0
GL000208.1	92689	1	0
GL000191.1	106433	1	0
GL000227.1	128374	4	0
GL000228.1	129120	52	0
GL000214.1	137718	19	0
GL000221.1	155397	12	0
GL000209.1	159169	1	0
GL000218.1	161147	40	0
GL000220.1	161802	88	0
GL000213.1	164239	4	0
GL000211.1	166566	9	0
GL000199.1	169874	2	0
GL000217.1	172149	4	0
GL000216.1	172294	10	0
GL000215.1	172545	7	0
GL000205.1	174588	7	0
GL000219.1	179198	6	0
GL000224.1	179693	20	0
GL000223.1	180455	3	0
GL000195.1	182896	1	0
GL000212.1	186858	10	0
GL000222.1	186861	1	0
GL000200.1	187035	4	0
GL000193.1	189789	13	0
GL000194.1	191469	18	0
GL000225.1	211173	27	0
GL000192.1	547496	16	0
*	0	0	0
