1	249250621	58652	0
2	243199373	52254	0
3	198022430	42098	0
4	191154276	36083	0
5	180915260	38062	0
6	171115067	38249	0
7	159138663	38729	0
8	146364022	31857	0
9	141213431	30503	0
10	135534747	34257	0
11	135006516	31005	0
12	133851895	33481	0
13	115169878	19127	0
14	107349540	21572	0
15	102531392	21996	0
16	90354753	26233	0
17	81195210	27975	0
18	78077248	16620	0
19	59128983	24971	0
20	63025520	17725	0
21	48129895	8803	0
22	51304566	13267	0
X	155270560	29445	0
Y	59373566	3169	0
MT	16569	2205	0
GL000207.1	4262	1	0
GL000226.1	15008	56	0
GL000229.1	19913	7	0
GL000231.1	27386	20	0
GL000210.1	27682	6	0
GL000239.1	33824	21	0
GL000235.1	34474	12	0
GL000201.1	36148	3	0
GL000247.1	36422	17	0
GL000245.1	36651	9	0
GL000197.1	37175	4	0
GL000203.1	37498	9	0
GL000246.1	38154	7	0
GL000249.1	38502	4	0
GL000196.1	38914	5	0
GL000248.1	39786	5	0
GL000244.1	39929	8	0
GL000238.1	39939	5	0
GL000202.1	40103	12	0
GL000234.1	40531	40	0
GL000232.1	40652	36	0
GL000206.1	41001	5	0
GL000240.1	41933	18	0
GL000236.1	41934	13	0
GL000241.1	42152	14	0
GL000243.1	43341	31	0
GL000242.1	43523	12	0
GL000230.1	43691	2	0
GL000237.1	45867	45	0
GL000233.1	45941	3	0
GL000204.1	81310	28	0
GL000198.1	90085	21	0
GL000208.1	92689	17	0
GL000191.1	106433	33	0
GL000227.1	128374	20	0
GL000228.1	129120	339	0
GL000214.1	137718	83	0
GL000221.1	155397	67	0
GL000209.1	159169	24	0
GL000218.1	161147	71	0
GL000220.1	161802	944	0
GL000213.1	164239	19	0
GL000211.1	166566	29	0
GL000199.1	169874	70	0
GL000217.1	172149	32	0
GL000216.1	172294	270	0
GL000215.1	172545	14	0
GL000205.1	174588	25	0
GL000219.1	179198	24	0
GL000224.1	179693	56	0
GL000223.1	180455	58	0
GL000195.1	182896	30	0
GL000212.1	186858	41	0
GL000222.1	186861	92	0
GL000200.1	187035	40	0
GL000193.1	189789	38	0
GL000194.1	191469	63	0
GL000225.1	211173	590	0
GL000192.1	547496	109	0
*	0	0	0
