1	249250621	16392	0
2	243199373	15096	0
3	198022430	11852	0
4	191154276	10242	0
5	180915260	10435	0
6	171115067	10728	0
7	159138663	11130	0
8	146364022	8944	0
9	141213431	8441	0
10	135534747	9583	0
11	135006516	9207	0
12	133851895	9168	0
13	115169878	5430	0
14	107349540	6264	0
15	102531392	6172	0
16	90354753	7227	0
17	81195210	8027	0
18	78077248	4491	0
19	59128983	6834	0
20	63025520	5108	0
21	48129895	2489	0
22	51304566	3846	0
X	155270560	6687	0
Y	59373566	2035	0
MT	16569	1409	0
GL000207.1	4262	1	0
GL000226.1	15008	10	0
GL000229.1	19913	3	0
GL000231.1	27386	4	0
GL000210.1	27682	0	0
GL000239.1	33824	4	0
GL000235.1	34474	7	0
GL000201.1	36148	2	0
GL000247.1	36422	3	0
GL000245.1	36651	5	0
GL000197.1	37175	3	0
GL000203.1	37498	0	0
GL000246.1	38154	0	0
GL000249.1	38502	3	0
GL000196.1	38914	2	0
GL000248.1	39786	2	0
GL000244.1	39929	3	0
GL000238.1	39939	2	0
GL000202.1	40103	5	0
GL000234.1	40531	16	0
GL000232.1	40652	7	0
GL000206.1	41001	3	0
GL000240.1	41933	6	0
GL000236.1	41934	3	0
GL000241.1	42152	1	0
GL000243.1	43341	8	0
GL000242.1	43523	1	0
GL000230.1	43691	1	0
GL000237.1	45867	7	0
GL000233.1	45941	3	0
GL000204.1	81310	3	0
GL000198.1	90085	5	0
GL000208.1	92689	3	0
GL000191.1	106433	11	0
GL000227.1	128374	6	0
GL000228.1	129120	128	0
GL000214.1	137718	31	0
GL000221.1	155397	14	0
GL000209.1	159169	4	0
GL000218.1	161147	7	0
GL000220.1	161802	275	0
GL000213.1	164239	6	0
GL000211.1	166566	14	0
GL000199.1	169874	13	0
GL000217.1	172149	15	0
GL000216.1	172294	70	0
GL000215.1	172545	7	0
GL000205.1	174588	10	0
GL000219.1	179198	8	0
GL000224.1	179693	10	0
GL000223.1	180455	18	0
GL000195.1	182896	12	0
GL000212.1	186858	9	0
GL000222.1	186861	28	0
GL000200.1	187035	9	0
GL000193.1	189789	9	0
GL000194.1	191469	24	0
GL000225.1	211173	177	0
GL000192.1	547496	21	0
*	0	0	0
