1	249250621	36100	0
2	243199373	33266	0
3	198022430	27002	0
4	191154276	24344	0
5	180915260	24282	0
6	171115067	24040	0
7	159138663	24026	0
8	146364022	20241	0
9	141213431	18622	0
10	135534747	21850	0
11	135006516	19177	0
12	133851895	20503	0
13	115169878	11961	0
14	107349540	13214	0
15	102531392	13222	0
16	90354753	15926	0
17	81195210	16548	0
18	78077248	10224	0
19	59128983	14215	0
20	63025520	10213	0
21	48129895	5527	0
22	51304566	7316	0
X	155270560	13662	0
Y	59373566	7393	0
MT	16569	1596	0
GL000207.1	4262	0	0
GL000226.1	15008	173	0
GL000229.1	19913	13	0
GL000231.1	27386	10	0
GL000210.1	27682	4	0
GL000239.1	33824	14	0
GL000235.1	34474	10	0
GL000201.1	36148	2	0
GL000247.1	36422	10	0
GL000245.1	36651	6	0
GL000197.1	37175	3	0
GL000203.1	37498	6	0
GL000246.1	38154	5	0
GL000249.1	38502	4	0
GL000196.1	38914	7	0
GL000248.1	39786	3	0
GL000244.1	39929	5	0
GL000238.1	39939	3	0
GL000202.1	40103	3	0
GL000234.1	40531	23	0
GL000232.1	40652	27	0
GL000206.1	41001	1	0
GL000240.1	41933	14	0
GL000236.1	41934	11	0
GL000241.1	42152	11	0
GL000243.1	43341	18	0
GL000242.1	43523	5	0
GL000230.1	43691	4	0
GL000237.1	45867	17	0
GL000233.1	45941	4	0
GL000204.1	81310	8	0
GL000198.1	90085	17	0
GL000208.1	92689	17	0
GL000191.1	106433	22	0
GL000227.1	128374	19	0
GL000228.1	129120	175	0
GL000214.1	137718	72	0
GL000221.1	155397	45	0
GL000209.1	159169	21	0
GL000218.1	161147	57	0
GL000220.1	161802	825	0
GL000213.1	164239	9	0
GL000211.1	166566	37	0
GL000199.1	169874	176	0
GL000217.1	172149	31	0
GL000216.1	172294	296	0
GL000215.1	172545	6	0
GL000205.1	174588	25	0
GL000219.1	179198	17	0
GL000224.1	179693	47	0
GL000223.1	180455	22	0
GL000195.1	182896	28	0
GL000212.1	186858	34	0
GL000222.1	186861	43	0
GL000200.1	187035	24	0
GL000193.1	189789	53	0
GL000194.1	191469	55	0
GL000225.1	211173	452	0
GL000192.1	547496	55	0
*	0	0	0
