1	249250621	22124	0
2	243199373	20529	0
3	198022430	16116	0
4	191154276	13379	0
5	180915260	14177	0
6	171115067	13647	0
7	159138663	14955	0
8	146364022	10778	0
9	141213431	10932	0
10	135534747	11723	0
11	135006516	11386	0
12	133851895	11981	0
13	115169878	6996	0
14	107349540	9132	0
15	102531392	8192	0
16	90354753	9789	0
17	81195210	11181	0
18	78077248	6921	0
19	59128983	9918	0
20	63025520	6495	0
21	48129895	3644	0
22	51304566	4730	0
X	155270560	10232	0
Y	59373566	2505	0
MT	16569	283	0
GL000207.1	4262	0	0
GL000226.1	15008	10	0
GL000229.1	19913	5	0
GL000231.1	27386	10	0
GL000210.1	27682	0	0
GL000239.1	33824	8	0
GL000235.1	34474	4	0
GL000201.1	36148	4	0
GL000247.1	36422	5	0
GL000245.1	36651	3	0
GL000197.1	37175	3	0
GL000203.1	37498	2	0
GL000246.1	38154	3	0
GL000249.1	38502	1	0
GL000196.1	38914	2	0
GL000248.1	39786	1	0
GL000244.1	39929	4	0
GL000238.1	39939	0	0
GL000202.1	40103	2	0
GL000234.1	40531	19	0
GL000232.1	40652	7	0
GL000206.1	41001	0	0
GL000240.1	41933	8	0
GL000236.1	41934	4	0
GL000241.1	42152	3	0
GL000243.1	43341	7	0
GL000242.1	43523	4	0
GL000230.1	43691	0	0
GL000237.1	45867	12	0
GL000233.1	45941	1	0
GL000204.1	81310	6	0
GL000198.1	90085	28	0
GL000208.1	92689	3	0
GL000191.1	106433	13	0
GL000227.1	128374	6	0
GL000228.1	129120	221	0
GL000214.1	137718	36	0
GL000221.1	155397	32	0
GL000209.1	159169	1	0
GL000218.1	161147	24	0
GL000220.1	161802	429	0
GL000213.1	164239	5	0
GL000211.1	166566	13	0
GL000199.1	169874	9	0
GL000217.1	172149	14	0
GL000216.1	172294	69	0
GL000215.1	172545	5	0
GL000205.1	174588	9	0
GL000219.1	179198	10	0
GL000224.1	179693	24	0
GL000223.1	180455	17	0
GL000195.1	182896	11	0
GL000212.1	186858	11	0
GL000222.1	186861	30	0
GL000200.1	187035	15	0
GL000193.1	189789	13	0
GL000194.1	191469	27	0
GL000225.1	211173	205	0
GL000192.1	547496	35	0
*	0	0	0
