1	249250621	31890	0
2	243199373	28132	0
3	198022430	22770	0
4	191154276	19876	0
5	180915260	20201	0
6	171115067	20253	0
7	159138663	21412	0
8	146364022	16484	0
9	141213431	16086	0
10	135534747	18047	0
11	135006516	16143	0
12	133851895	18067	0
13	115169878	10003	0
14	107349540	11701	0
15	102531392	12052	0
16	90354753	14343	0
17	81195210	15690	0
18	78077248	8651	0
19	59128983	14479	0
20	63025520	8947	0
21	48129895	4520	0
22	51304566	7025	0
X	155270560	17743	0
Y	59373566	1455	0
MT	16569	184	0
GL000207.1	4262	0	0
GL000226.1	15008	70	0
GL000229.1	19913	2	0
GL000231.1	27386	10	0
GL000210.1	27682	1	0
GL000239.1	33824	12	0
GL000235.1	34474	10	0
GL000201.1	36148	0	0
GL000247.1	36422	8	0
GL000245.1	36651	8	0
GL000197.1	37175	3	0
GL000203.1	37498	3	0
GL000246.1	38154	2	0
GL000249.1	38502	4	0
GL000196.1	38914	6	0
GL000248.1	39786	2	0
GL000244.1	39929	5	0
GL000238.1	39939	1	0
GL000202.1	40103	3	0
GL000234.1	40531	21	0
GL000232.1	40652	25	0
GL000206.1	41001	2	0
GL000240.1	41933	11	0
GL000236.1	41934	10	0
GL000241.1	42152	13	0
GL000243.1	43341	11	0
GL000242.1	43523	9	0
GL000230.1	43691	2	0
GL000237.1	45867	30	0
GL000233.1	45941	4	0
GL000204.1	81310	6	0
GL000198.1	90085	16	0
GL000208.1	92689	8	0
GL000191.1	106433	23	0
GL000227.1	128374	17	0
GL000228.1	129120	194	0
GL000214.1	137718	79	0
GL000221.1	155397	42	0
GL000209.1	159169	6	0
GL000218.1	161147	51	0
GL000220.1	161802	883	0
GL000213.1	164239	10	0
GL000211.1	166566	28	0
GL000199.1	169874	70	0
GL000217.1	172149	31	0
GL000216.1	172294	176	0
GL000215.1	172545	7	0
GL000205.1	174588	24	0
GL000219.1	179198	24	0
GL000224.1	179693	40	0
GL000223.1	180455	37	0
GL000195.1	182896	24	0
GL000212.1	186858	37	0
GL000222.1	186861	35	0
GL000200.1	187035	25	0
GL000193.1	189789	24	0
GL000194.1	191469	32	0
GL000225.1	211173	415	0
GL000192.1	547496	72	0
*	0	0	0
