1	249250621	81614	0
2	243199373	74672	0
3	198022430	59714	0
4	191154276	50098	0
5	180915260	53786	0
6	171115067	54517	0
7	159138663	51297	0
8	146364022	45175	0
9	141213431	41805	0
10	135534747	48876	0
11	135006516	43778	0
12	133851895	45117	0
13	115169878	26602	0
14	107349540	29911	0
15	102531392	30551	0
16	90354753	34872	0
17	81195210	35950	0
18	78077248	23753	0
19	59128983	30903	0
20	63025520	24864	0
21	48129895	12299	0
22	51304566	18043	0
X	155270560	24328	0
Y	59373566	9958	0
MT	16569	6642	0
GL000207.1	4262	1	0
GL000226.1	15008	481	0
GL000229.1	19913	23	0
GL000231.1	27386	33	0
GL000210.1	27682	3	0
GL000239.1	33824	17	0
GL000235.1	34474	13	0
GL000201.1	36148	6	0
GL000247.1	36422	11	0
GL000245.1	36651	16	0
GL000197.1	37175	14	0
GL000203.1	37498	5	0
GL000246.1	38154	7	0
GL000249.1	38502	3	0
GL000196.1	38914	8	0
GL000248.1	39786	7	0
GL000244.1	39929	9	0
GL000238.1	39939	2	0
GL000202.1	40103	11	0
GL000234.1	40531	90	0
GL000232.1	40652	67	0
GL000206.1	41001	1	0
GL000240.1	41933	10	0
GL000236.1	41934	9	0
GL000241.1	42152	20	0
GL000243.1	43341	48	0
GL000242.1	43523	18	0
GL000230.1	43691	4	0
GL000237.1	45867	42	0
GL000233.1	45941	15	0
GL000204.1	81310	10	0
GL000198.1	90085	20	0
GL000208.1	92689	27	0
GL000191.1	106433	29	0
GL000227.1	128374	24	0
GL000228.1	129120	632	0
GL000214.1	137718	160	0
GL000221.1	155397	65	0
GL000209.1	159169	14	0
GL000218.1	161147	86	0
GL000220.1	161802	1967	0
GL000213.1	164239	8	0
GL000211.1	166566	68	0
GL000199.1	169874	416	0
GL000217.1	172149	60	0
GL000216.1	172294	363	0
GL000215.1	172545	9	0
GL000205.1	174588	35	0
GL000219.1	179198	26	0
GL000224.1	179693	87	0
GL000223.1	180455	53	0
GL000195.1	182896	56	0
GL000212.1	186858	68	0
GL000222.1	186861	111	0
GL000200.1	187035	34	0
GL000193.1	189789	51	0
GL000194.1	191469	94	0
GL000225.1	211173	778	0
GL000192.1	547496	107	0
*	0	0	0
