1	249250621	16105	0
2	243199373	14703	0
3	198022430	11623	0
4	191154276	9345	0
5	180915260	10309	0
6	171115067	10745	0
7	159138663	10308	0
8	146364022	8687	0
9	141213431	8324	0
10	135534747	9547	0
11	135006516	8708	0
12	133851895	9133	0
13	115169878	5188	0
14	107349540	5951	0
15	102531392	6088	0
16	90354753	7324	0
17	81195210	7748	0
18	78077248	4779	0
19	59128983	6571	0
20	63025520	5246	0
21	48129895	2414	0
22	51304566	3927	0
X	155270560	5224	0
Y	59373566	2139	0
MT	16569	41	0
GL000207.1	4262	0	0
GL000226.1	15008	15	0
GL000229.1	19913	5	0
GL000231.1	27386	4	0
GL000210.1	27682	2	0
GL000239.1	33824	5	0
GL000235.1	34474	0	0
GL000201.1	36148	1	0
GL000247.1	36422	3	0
GL000245.1	36651	3	0
GL000197.1	37175	0	0
GL000203.1	37498	2	0
GL000246.1	38154	1	0
GL000249.1	38502	3	0
GL000196.1	38914	1	0
GL000248.1	39786	4	0
GL000244.1	39929	4	0
GL000238.1	39939	1	0
GL000202.1	40103	1	0
GL000234.1	40531	15	0
GL000232.1	40652	8	0
GL000206.1	41001	1	0
GL000240.1	41933	2	0
GL000236.1	41934	2	0
GL000241.1	42152	1	0
GL000243.1	43341	17	0
GL000242.1	43523	2	0
GL000230.1	43691	2	0
GL000237.1	45867	10	0
GL000233.1	45941	1	0
GL000204.1	81310	0	0
GL000198.1	90085	1	0
GL000208.1	92689	3	0
GL000191.1	106433	11	0
GL000227.1	128374	7	0
GL000228.1	129120	121	0
GL000214.1	137718	20	0
GL000221.1	155397	12	0
GL000209.1	159169	2	0
GL000218.1	161147	8	0
GL000220.1	161802	187	0
GL000213.1	164239	3	0
GL000211.1	166566	6	0
GL000199.1	169874	20	0
GL000217.1	172149	9	0
GL000216.1	172294	50	0
GL000215.1	172545	3	0
GL000205.1	174588	2	0
GL000219.1	179198	5	0
GL000224.1	179693	6	0
GL000223.1	180455	6	0
GL000195.1	182896	6	0
GL000212.1	186858	10	0
GL000222.1	186861	25	0
GL000200.1	187035	4	0
GL000193.1	189789	4	0
GL000194.1	191469	23	0
GL000225.1	211173	139	0
GL000192.1	547496	20	0
*	0	0	0
