1	249250621	27162	0
2	243199373	24573	0
3	198022430	19887	0
4	191154276	16594	0
5	180915260	17283	0
6	171115067	17640	0
7	159138663	18444	0
8	146364022	14761	0
9	141213431	14091	0
10	135534747	16331	0
11	135006516	14604	0
12	133851895	15388	0
13	115169878	9099	0
14	107349540	10314	0
15	102531392	10040	0
16	90354753	12416	0
17	81195210	13746	0
18	78077248	7970	0
19	59128983	11996	0
20	63025520	8405	0
21	48129895	4211	0
22	51304566	6289	0
X	155270560	11917	0
Y	59373566	4925	0
MT	16569	53	0
GL000207.1	4262	0	0
GL000226.1	15008	62	0
GL000229.1	19913	8	0
GL000231.1	27386	5	0
GL000210.1	27682	0	0
GL000239.1	33824	7	0
GL000235.1	34474	7	0
GL000201.1	36148	6	0
GL000247.1	36422	10	0
GL000245.1	36651	6	0
GL000197.1	37175	2	0
GL000203.1	37498	1	0
GL000246.1	38154	2	0
GL000249.1	38502	3	0
GL000196.1	38914	2	0
GL000248.1	39786	3	0
GL000244.1	39929	4	0
GL000238.1	39939	4	0
GL000202.1	40103	3	0
GL000234.1	40531	12	0
GL000232.1	40652	9	0
GL000206.1	41001	4	0
GL000240.1	41933	5	0
GL000236.1	41934	1	0
GL000241.1	42152	5	0
GL000243.1	43341	15	0
GL000242.1	43523	7	0
GL000230.1	43691	3	0
GL000237.1	45867	10	0
GL000233.1	45941	2	0
GL000204.1	81310	7	0
GL000198.1	90085	1	0
GL000208.1	92689	12	0
GL000191.1	106433	10	0
GL000227.1	128374	7	0
GL000228.1	129120	103	0
GL000214.1	137718	32	0
GL000221.1	155397	24	0
GL000209.1	159169	7	0
GL000218.1	161147	18	0
GL000220.1	161802	443	0
GL000213.1	164239	7	0
GL000211.1	166566	21	0
GL000199.1	169874	68	0
GL000217.1	172149	8	0
GL000216.1	172294	204	0
GL000215.1	172545	9	0
GL000205.1	174588	9	0
GL000219.1	179198	11	0
GL000224.1	179693	14	0
GL000223.1	180455	21	0
GL000195.1	182896	17	0
GL000212.1	186858	19	0
GL000222.1	186861	39	0
GL000200.1	187035	20	0
GL000193.1	189789	17	0
GL000194.1	191469	37	0
GL000225.1	211173	241	0
GL000192.1	547496	32	0
*	0	0	0
