1	249250621	26509	0
2	243199373	24637	0
3	198022430	19644	0
4	191154276	17722	0
5	180915260	17274	0
6	171115067	17931	0
7	159138663	18459	0
8	146364022	14552	0
9	141213431	13875	0
10	135534747	17286	0
11	135006516	14229	0
12	133851895	15427	0
13	115169878	9249	0
14	107349540	9907	0
15	102531392	10110	0
16	90354753	13146	0
17	81195210	13718	0
18	78077248	8294	0
19	59128983	11785	0
20	63025520	8070	0
21	48129895	4042	0
22	51304566	6177	0
X	155270560	12561	0
Y	59373566	5320	0
MT	16569	25	0
GL000207.1	4262	0	0
GL000226.1	15008	84	0
GL000229.1	19913	5	0
GL000231.1	27386	5	0
GL000210.1	27682	2	0
GL000239.1	33824	4	0
GL000235.1	34474	4	0
GL000201.1	36148	3	0
GL000247.1	36422	5	0
GL000245.1	36651	5	0
GL000197.1	37175	5	0
GL000203.1	37498	2	0
GL000246.1	38154	3	0
GL000249.1	38502	4	0
GL000196.1	38914	2	0
GL000248.1	39786	8	0
GL000244.1	39929	2	0
GL000238.1	39939	3	0
GL000202.1	40103	4	0
GL000234.1	40531	14	0
GL000232.1	40652	10	0
GL000206.1	41001	0	0
GL000240.1	41933	7	0
GL000236.1	41934	4	0
GL000241.1	42152	7	0
GL000243.1	43341	10	0
GL000242.1	43523	3	0
GL000230.1	43691	4	0
GL000237.1	45867	9	0
GL000233.1	45941	6	0
GL000204.1	81310	8	0
GL000198.1	90085	11	0
GL000208.1	92689	15	0
GL000191.1	106433	21	0
GL000227.1	128374	9	0
GL000228.1	129120	105	0
GL000214.1	137718	20	0
GL000221.1	155397	20	0
GL000209.1	159169	9	0
GL000218.1	161147	27	0
GL000220.1	161802	334	0
GL000213.1	164239	2	0
GL000211.1	166566	21	0
GL000199.1	169874	135	0
GL000217.1	172149	16	0
GL000216.1	172294	336	0
GL000215.1	172545	5	0
GL000205.1	174588	12	0
GL000219.1	179198	7	0
GL000224.1	179693	19	0
GL000223.1	180455	24	0
GL000195.1	182896	6	0
GL000212.1	186858	17	0
GL000222.1	186861	25	0
GL000200.1	187035	18	0
GL000193.1	189789	15	0
GL000194.1	191469	22	0
GL000225.1	211173	190	0
GL000192.1	547496	41	0
*	0	0	0
