1	249250621	3849	0
2	243199373	3600	0
3	198022430	3064	0
4	191154276	2540	0
5	180915260	2651	0
6	171115067	2450	0
7	159138663	2647	0
8	146364022	2132	0
9	141213431	2041	0
10	135534747	2493	0
11	135006516	2197	0
12	133851895	2181	0
13	115169878	1332	0
14	107349540	1501	0
15	102531392	1467	0
16	90354753	1730	0
17	81195210	1970	0
18	78077248	1132	0
19	59128983	1519	0
20	63025520	1180	0
21	48129895	617	0
22	51304566	908	0
X	155270560	1887	0
Y	59373566	596	0
MT	16569	13	0
GL000207.1	4262	0	0
GL000226.1	15008	16	0
GL000229.1	19913	0	0
GL000231.1	27386	1	0
GL000210.1	27682	1	0
GL000239.1	33824	4	0
GL000235.1	34474	1	0
GL000201.1	36148	0	0
GL000247.1	36422	0	0
GL000245.1	36651	0	0
GL000197.1	37175	0	0
GL000203.1	37498	0	0
GL000246.1	38154	1	0
GL000249.1	38502	0	0
GL000196.1	38914	1	0
GL000248.1	39786	1	0
GL000244.1	39929	1	0
GL000238.1	39939	1	0
GL000202.1	40103	0	0
GL000234.1	40531	0	0
GL000232.1	40652	0	0
GL000206.1	41001	5	0
GL000240.1	41933	0	0
GL000236.1	41934	0	0
GL000241.1	42152	1	0
GL000243.1	43341	1	0
GL000242.1	43523	2	0
GL000230.1	43691	1	0
GL000237.1	45867	0	0
GL000233.1	45941	0	0
GL000204.1	81310	2	0
GL000198.1	90085	0	0
GL000208.1	92689	4	0
GL000191.1	106433	4	0
GL000227.1	128374	0	0
GL000228.1	129120	4	0
GL000214.1	137718	4	0
GL000221.1	155397	5	0
GL000209.1	159169	3	0
GL000218.1	161147	2	0
GL000220.1	161802	53	0
GL000213.1	164239	1	0
GL000211.1	166566	2	0
GL000199.1	169874	32	0
GL000217.1	172149	1	0
GL000216.1	172294	36	0
GL000215.1	172545	0	0
GL000205.1	174588	0	0
GL000219.1	179198	1	0
GL000224.1	179693	4	0
GL000223.1	180455	2	0
GL000195.1	182896	5	0
GL000212.1	186858	3	0
GL000222.1	186861	3	0
GL000200.1	187035	3	0
GL000193.1	189789	1	0
GL000194.1	191469	5	0
GL000225.1	211173	22	0
GL000192.1	547496	4	0
*	0	0	0
