1	249250621	17252	0
2	243199373	15690	0
3	198022430	12841	0
4	191154276	10419	0
5	180915260	11383	0
6	171115067	11289	0
7	159138663	10894	0
8	146364022	9455	0
9	141213431	8861	0
10	135534747	10371	0
11	135006516	9235	0
12	133851895	9885	0
13	115169878	5694	0
14	107349540	6209	0
15	102531392	6467	0
16	90354753	7503	0
17	81195210	7802	0
18	78077248	4927	0
19	59128983	6607	0
20	63025520	5073	0
21	48129895	2567	0
22	51304566	3849	0
X	155270560	8285	0
Y	59373566	521	0
MT	16569	317	0
GL000207.1	4262	0	0
GL000226.1	15008	46	0
GL000229.1	19913	3	0
GL000231.1	27386	3	0
GL000210.1	27682	0	0
GL000239.1	33824	8	0
GL000235.1	34474	6	0
GL000201.1	36148	0	0
GL000247.1	36422	5	0
GL000245.1	36651	5	0
GL000197.1	37175	1	0
GL000203.1	37498	0	0
GL000246.1	38154	0	0
GL000249.1	38502	2	0
GL000196.1	38914	0	0
GL000248.1	39786	4	0
GL000244.1	39929	3	0
GL000238.1	39939	1	0
GL000202.1	40103	4	0
GL000234.1	40531	11	0
GL000232.1	40652	13	0
GL000206.1	41001	0	0
GL000240.1	41933	5	0
GL000236.1	41934	3	0
GL000241.1	42152	3	0
GL000243.1	43341	9	0
GL000242.1	43523	2	0
GL000230.1	43691	0	0
GL000237.1	45867	9	0
GL000233.1	45941	4	0
GL000204.1	81310	0	0
GL000198.1	90085	3	0
GL000208.1	92689	5	0
GL000191.1	106433	9	0
GL000227.1	128374	5	0
GL000228.1	129120	153	0
GL000214.1	137718	17	0
GL000221.1	155397	11	0
GL000209.1	159169	2	0
GL000218.1	161147	14	0
GL000220.1	161802	355	0
GL000213.1	164239	1	0
GL000211.1	166566	11	0
GL000199.1	169874	65	0
GL000217.1	172149	14	0
GL000216.1	172294	67	0
GL000215.1	172545	2	0
GL000205.1	174588	2	0
GL000219.1	179198	10	0
GL000224.1	179693	4	0
GL000223.1	180455	11	0
GL000195.1	182896	12	0
GL000212.1	186858	12	0
GL000222.1	186861	24	0
GL000200.1	187035	11	0
GL000193.1	189789	8	0
GL000194.1	191469	24	0
GL000225.1	211173	129	0
GL000192.1	547496	26	0
*	0	0	0
