1	249250621	35439	0
2	243199373	34703	0
3	198022430	27941	0
4	191154276	23469	0
5	180915260	24590	0
6	171115067	23103	0
7	159138663	23922	0
8	146364022	18741	0
9	141213431	17472	0
10	135534747	20090	0
11	135006516	19035	0
12	133851895	19799	0
13	115169878	12681	0
14	107349540	13306	0
15	102531392	13271	0
16	90354753	13961	0
17	81195210	14957	0
18	78077248	10739	0
19	59128983	11566	0
20	63025520	9282	0
21	48129895	5351	0
22	51304566	6383	0
X	155270560	21515	0
Y	59373566	3214	0
MT	16569	1279	0
GL000207.1	4262	0	0
GL000226.1	15008	35	0
GL000229.1	19913	5	0
GL000231.1	27386	3	0
GL000210.1	27682	3	0
GL000239.1	33824	10	0
GL000235.1	34474	11	0
GL000201.1	36148	3	0
GL000247.1	36422	4	0
GL000245.1	36651	8	0
GL000197.1	37175	15	0
GL000203.1	37498	1	0
GL000246.1	38154	3	0
GL000249.1	38502	1	0
GL000196.1	38914	2	0
GL000248.1	39786	1	0
GL000244.1	39929	10	0
GL000238.1	39939	4	0
GL000202.1	40103	6	0
GL000234.1	40531	10	0
GL000232.1	40652	8	0
GL000206.1	41001	1	0
GL000240.1	41933	7	0
GL000236.1	41934	4	0
GL000241.1	42152	1	0
GL000243.1	43341	7	0
GL000242.1	43523	10	0
GL000230.1	43691	2	0
GL000237.1	45867	18	0
GL000233.1	45941	0	0
GL000204.1	81310	6	0
GL000198.1	90085	17	0
GL000208.1	92689	5	0
GL000191.1	106433	12	0
GL000227.1	128374	5	0
GL000228.1	129120	111	0
GL000214.1	137718	43	0
GL000221.1	155397	35	0
GL000209.1	159169	2	0
GL000218.1	161147	45	0
GL000220.1	161802	411	0
GL000213.1	164239	10	0
GL000211.1	166566	19	0
GL000199.1	169874	38	0
GL000217.1	172149	10	0
GL000216.1	172294	128	0
GL000215.1	172545	10	0
GL000205.1	174588	15	0
GL000219.1	179198	17	0
GL000224.1	179693	42	0
GL000223.1	180455	27	0
GL000195.1	182896	10	0
GL000212.1	186858	22	0
GL000222.1	186861	14	0
GL000200.1	187035	11	0
GL000193.1	189789	22	0
GL000194.1	191469	29	0
GL000225.1	211173	199	0
GL000192.1	547496	35	0
*	0	0	0
