1	249250621	13399	0
2	243199373	12460	0
3	198022430	9960	0
4	191154276	8460	0
5	180915260	8587	0
6	171115067	8708	0
7	159138663	9428	0
8	146364022	7309	0
9	141213431	6966	0
10	135534747	7663	0
11	135006516	7332	0
12	133851895	7804	0
13	115169878	4391	0
14	107349540	5154	0
15	102531392	5019	0
16	90354753	6207	0
17	81195210	6893	0
18	78077248	3788	0
19	59128983	6264	0
20	63025520	4045	0
21	48129895	2023	0
22	51304566	3267	0
X	155270560	6415	0
Y	59373566	1899	0
MT	16569	60	0
GL000207.1	4262	0	0
GL000226.1	15008	11	0
GL000229.1	19913	7	0
GL000231.1	27386	4	0
GL000210.1	27682	3	0
GL000239.1	33824	5	0
GL000235.1	34474	6	0
GL000201.1	36148	1	0
GL000247.1	36422	2	0
GL000245.1	36651	2	0
GL000197.1	37175	0	0
GL000203.1	37498	1	0
GL000246.1	38154	2	0
GL000249.1	38502	4	0
GL000196.1	38914	2	0
GL000248.1	39786	1	0
GL000244.1	39929	1	0
GL000238.1	39939	3	0
GL000202.1	40103	4	0
GL000234.1	40531	10	0
GL000232.1	40652	4	0
GL000206.1	41001	1	0
GL000240.1	41933	1	0
GL000236.1	41934	2	0
GL000241.1	42152	2	0
GL000243.1	43341	5	0
GL000242.1	43523	3	0
GL000230.1	43691	0	0
GL000237.1	45867	8	0
GL000233.1	45941	3	0
GL000204.1	81310	0	0
GL000198.1	90085	2	0
GL000208.1	92689	1	0
GL000191.1	106433	7	0
GL000227.1	128374	5	0
GL000228.1	129120	84	0
GL000214.1	137718	30	0
GL000221.1	155397	11	0
GL000209.1	159169	4	0
GL000218.1	161147	22	0
GL000220.1	161802	324	0
GL000213.1	164239	6	0
GL000211.1	166566	9	0
GL000199.1	169874	10	0
GL000217.1	172149	5	0
GL000216.1	172294	65	0
GL000215.1	172545	10	0
GL000205.1	174588	5	0
GL000219.1	179198	10	0
GL000224.1	179693	23	0
GL000223.1	180455	15	0
GL000195.1	182896	5	0
GL000212.1	186858	13	0
GL000222.1	186861	10	0
GL000200.1	187035	7	0
GL000193.1	189789	16	0
GL000194.1	191469	11	0
GL000225.1	211173	127	0
GL000192.1	547496	19	0
*	0	0	0
