1	249250621	23178	0
2	243199373	23535	0
3	198022430	18732	0
4	191154276	15968	0
5	180915260	16063	0
6	171115067	15706	0
7	159138663	16076	0
8	146364022	12776	0
9	141213431	11895	0
10	135534747	13706	0
11	135006516	12684	0
12	133851895	13257	0
13	115169878	9070	0
14	107349540	9049	0
15	102531392	8441	0
16	90354753	9386	0
17	81195210	9716	0
18	78077248	7209	0
19	59128983	6776	0
20	63025520	6299	0
21	48129895	3615	0
22	51304566	4200	0
X	155270560	15820	0
Y	59373566	1874	0
MT	16569	177	0
GL000207.1	4262	0	0
GL000226.1	15008	9	0
GL000229.1	19913	1	0
GL000231.1	27386	1	0
GL000210.1	27682	2	0
GL000239.1	33824	0	0
GL000235.1	34474	8	0
GL000201.1	36148	5	0
GL000247.1	36422	1	0
GL000245.1	36651	3	0
GL000197.1	37175	12	0
GL000203.1	37498	0	0
GL000246.1	38154	3	0
GL000249.1	38502	0	0
GL000196.1	38914	1	0
GL000248.1	39786	0	0
GL000244.1	39929	3	0
GL000238.1	39939	8	0
GL000202.1	40103	0	0
GL000234.1	40531	1	0
GL000232.1	40652	1	0
GL000206.1	41001	4	0
GL000240.1	41933	4	0
GL000236.1	41934	1	0
GL000241.1	42152	0	0
GL000243.1	43341	3	0
GL000242.1	43523	3	0
GL000230.1	43691	2	0
GL000237.1	45867	3	0
GL000233.1	45941	4	0
GL000204.1	81310	6	0
GL000198.1	90085	5	0
GL000208.1	92689	1	0
GL000191.1	106433	6	0
GL000227.1	128374	4	0
GL000228.1	129120	23	0
GL000214.1	137718	14	0
GL000221.1	155397	10	0
GL000209.1	159169	1	0
GL000218.1	161147	28	0
GL000220.1	161802	145	0
GL000213.1	164239	5	0
GL000211.1	166566	5	0
GL000199.1	169874	17	0
GL000217.1	172149	6	0
GL000216.1	172294	41	0
GL000215.1	172545	11	0
GL000205.1	174588	11	0
GL000219.1	179198	10	0
GL000224.1	179693	9	0
GL000223.1	180455	10	0
GL000195.1	182896	2	0
GL000212.1	186858	11	0
GL000222.1	186861	8	0
GL000200.1	187035	5	0
GL000193.1	189789	15	0
GL000194.1	191469	21	0
GL000225.1	211173	34	0
GL000192.1	547496	13	0
*	0	0	0
