1	249250621	54998	0
2	243199373	56397	0
3	198022430	45463	0
4	191154276	39490	0
5	180915260	39777	0
6	171115067	37740	0
7	159138663	38592	0
8	146364022	30919	0
9	141213431	28498	0
10	135534747	33354	0
11	135006516	30101	0
12	133851895	31705	0
13	115169878	21595	0
14	107349540	21914	0
15	102531392	20260	0
16	90354753	22377	0
17	81195210	22969	0
18	78077248	17656	0
19	59128983	16498	0
20	63025520	15098	0
21	48129895	8706	0
22	51304566	9605	0
X	155270560	38529	0
Y	59373566	4090	0
MT	16569	681	0
GL000207.1	4262	0	0
GL000226.1	15008	48	0
GL000229.1	19913	15	0
GL000231.1	27386	16	0
GL000210.1	27682	2	0
GL000239.1	33824	6	0
GL000235.1	34474	18	0
GL000201.1	36148	8	0
GL000247.1	36422	3	0
GL000245.1	36651	9	0
GL000197.1	37175	16	0
GL000203.1	37498	2	0
GL000246.1	38154	8	0
GL000249.1	38502	1	0
GL000196.1	38914	3	0
GL000248.1	39786	4	0
GL000244.1	39929	14	0
GL000238.1	39939	11	0
GL000202.1	40103	4	0
GL000234.1	40531	4	0
GL000232.1	40652	10	0
GL000206.1	41001	8	0
GL000240.1	41933	8	0
GL000236.1	41934	4	0
GL000241.1	42152	5	0
GL000243.1	43341	8	0
GL000242.1	43523	13	0
GL000230.1	43691	2	0
GL000237.1	45867	17	0
GL000233.1	45941	2	0
GL000204.1	81310	20	0
GL000198.1	90085	5	0
GL000208.1	92689	11	0
GL000191.1	106433	12	0
GL000227.1	128374	5	0
GL000228.1	129120	80	0
GL000214.1	137718	45	0
GL000221.1	155397	30	0
GL000209.1	159169	5	0
GL000218.1	161147	72	0
GL000220.1	161802	316	0
GL000213.1	164239	18	0
GL000211.1	166566	12	0
GL000199.1	169874	109	0
GL000217.1	172149	10	0
GL000216.1	172294	153	0
GL000215.1	172545	20	0
GL000205.1	174588	24	0
GL000219.1	179198	25	0
GL000224.1	179693	33	0
GL000223.1	180455	31	0
GL000195.1	182896	19	0
GL000212.1	186858	32	0
GL000222.1	186861	18	0
GL000200.1	187035	16	0
GL000193.1	189789	60	0
GL000194.1	191469	38	0
GL000225.1	211173	131	0
GL000192.1	547496	33	0
*	0	0	0
