1	249250621	82961	0
2	243199373	75476	0
3	198022430	59711	0
4	191154276	51952	0
5	180915260	51815	0
6	171115067	51477	0
7	159138663	55235	0
8	146364022	42089	0
9	141213431	41290	0
10	135534747	49060	0
11	135006516	42123	0
12	133851895	47162	0
13	115169878	27034	0
14	107349540	30867	0
15	102531392	30677	0
16	90354753	35985	0
17	81195210	39547	0
18	78077248	22212	0
19	59128983	33254	0
20	63025520	23515	0
21	48129895	12185	0
22	51304566	17301	0
X	155270560	44925	0
Y	59373566	9703	0
MT	16569	1927	0
GL000207.1	4262	0	0
GL000226.1	15008	111	0
GL000229.1	19913	22	0
GL000231.1	27386	6	0
GL000210.1	27682	9	0
GL000239.1	33824	20	0
GL000235.1	34474	16	0
GL000201.1	36148	5	0
GL000247.1	36422	16	0
GL000245.1	36651	9	0
GL000197.1	37175	6	0
GL000203.1	37498	3	0
GL000246.1	38154	12	0
GL000249.1	38502	9	0
GL000196.1	38914	8	0
GL000248.1	39786	7	0
GL000244.1	39929	11	0
GL000238.1	39939	10	0
GL000202.1	40103	14	0
GL000234.1	40531	30	0
GL000232.1	40652	19	0
GL000206.1	41001	71	0
GL000240.1	41933	11	0
GL000236.1	41934	10	0
GL000241.1	42152	6	0
GL000243.1	43341	24	0
GL000242.1	43523	16	0
GL000230.1	43691	9	0
GL000237.1	45867	27	0
GL000233.1	45941	6	0
GL000204.1	81310	16	0
GL000198.1	90085	23	0
GL000208.1	92689	17	0
GL000191.1	106433	42	0
GL000227.1	128374	26	0
GL000228.1	129120	256	0
GL000214.1	137718	103	0
GL000221.1	155397	48	0
GL000209.1	159169	15	0
GL000218.1	161147	67	0
GL000220.1	161802	1052	0
GL000213.1	164239	19	0
GL000211.1	166566	42	0
GL000199.1	169874	146	0
GL000217.1	172149	45	0
GL000216.1	172294	467	0
GL000215.1	172545	44	0
GL000205.1	174588	25	0
GL000219.1	179198	32	0
GL000224.1	179693	55	0
GL000223.1	180455	94	0
GL000195.1	182896	27	0
GL000212.1	186858	55	0
GL000222.1	186861	60	0
GL000200.1	187035	39	0
GL000193.1	189789	71	0
GL000194.1	191469	82	0
GL000225.1	211173	419	0
GL000192.1	547496	121	0
*	0	0	0
