1	249250621	42267	0
2	243199373	39069	0
3	198022430	31519	0
4	191154276	26302	0
5	180915260	28210	0
6	171115067	28561	0
7	159138663	27635	0
8	146364022	23876	0
9	141213431	22189	0
10	135534747	25385	0
11	135006516	22816	0
12	133851895	23889	0
13	115169878	13915	0
14	107349540	15972	0
15	102531392	16052	0
16	90354753	18752	0
17	81195210	19261	0
18	78077248	12204	0
19	59128983	16820	0
20	63025520	13005	0
21	48129895	6476	0
22	51304566	9495	0
X	155270560	22048	0
Y	59373566	1307	0
MT	16569	2488	0
GL000207.1	4262	0	0
GL000226.1	15008	85	0
GL000229.1	19913	11	0
GL000231.1	27386	22	0
GL000210.1	27682	1	0
GL000239.1	33824	14	0
GL000235.1	34474	10	0
GL000201.1	36148	3	0
GL000247.1	36422	5	0
GL000245.1	36651	13	0
GL000197.1	37175	3	0
GL000203.1	37498	1	0
GL000246.1	38154	5	0
GL000249.1	38502	2	0
GL000196.1	38914	2	0
GL000248.1	39786	3	0
GL000244.1	39929	0	0
GL000238.1	39939	3	0
GL000202.1	40103	5	0
GL000234.1	40531	47	0
GL000232.1	40652	32	0
GL000206.1	41001	2	0
GL000240.1	41933	9	0
GL000236.1	41934	9	0
GL000241.1	42152	3	0
GL000243.1	43341	23	0
GL000242.1	43523	5	0
GL000230.1	43691	4	0
GL000237.1	45867	16	0
GL000233.1	45941	5	0
GL000204.1	81310	13	0
GL000198.1	90085	15	0
GL000208.1	92689	11	0
GL000191.1	106433	20	0
GL000227.1	128374	7	0
GL000228.1	129120	256	0
GL000214.1	137718	55	0
GL000221.1	155397	42	0
GL000209.1	159169	8	0
GL000218.1	161147	45	0
GL000220.1	161802	623	0
GL000213.1	164239	8	0
GL000211.1	166566	25	0
GL000199.1	169874	97	0
GL000217.1	172149	40	0
GL000216.1	172294	197	0
GL000215.1	172545	14	0
GL000205.1	174588	12	0
GL000219.1	179198	35	0
GL000224.1	179693	47	0
GL000223.1	180455	36	0
GL000195.1	182896	19	0
GL000212.1	186858	26	0
GL000222.1	186861	54	0
GL000200.1	187035	21	0
GL000193.1	189789	34	0
GL000194.1	191469	47	0
GL000225.1	211173	404	0
GL000192.1	547496	54	0
*	0	0	0
