1	249250621	64440	0
2	243199373	57115	0
3	198022430	44820	0
4	191154276	38366	0
5	180915260	40641	0
6	171115067	40946	0
7	159138663	40755	0
8	146364022	34130	0
9	141213431	32030	0
10	135534747	37548	0
11	135006516	33780	0
12	133851895	35351	0
13	115169878	20236	0
14	107349540	22983	0
15	102531392	23557	0
16	90354753	27920	0
17	81195210	29766	0
18	78077248	17908	0
19	59128983	26264	0
20	63025520	19113	0
21	48129895	9478	0
22	51304566	14398	0
X	155270560	21887	0
Y	59373566	9209	0
MT	16569	12517	0
GL000207.1	4262	0	0
GL000226.1	15008	373	0
GL000229.1	19913	20	0
GL000231.1	27386	17	0
GL000210.1	27682	2	0
GL000239.1	33824	31	0
GL000235.1	34474	23	0
GL000201.1	36148	2	0
GL000247.1	36422	7	0
GL000245.1	36651	8	0
GL000197.1	37175	7	0
GL000203.1	37498	4	0
GL000246.1	38154	5	0
GL000249.1	38502	5	0
GL000196.1	38914	5	0
GL000248.1	39786	13	0
GL000244.1	39929	2	0
GL000238.1	39939	6	0
GL000202.1	40103	9	0
GL000234.1	40531	59	0
GL000232.1	40652	33	0
GL000206.1	41001	2	0
GL000240.1	41933	20	0
GL000236.1	41934	7	0
GL000241.1	42152	16	0
GL000243.1	43341	38	0
GL000242.1	43523	11	0
GL000230.1	43691	7	0
GL000237.1	45867	34	0
GL000233.1	45941	10	0
GL000204.1	81310	11	0
GL000198.1	90085	19	0
GL000208.1	92689	37	0
GL000191.1	106433	26	0
GL000227.1	128374	19	0
GL000228.1	129120	369	0
GL000214.1	137718	92	0
GL000221.1	155397	54	0
GL000209.1	159169	12	0
GL000218.1	161147	63	0
GL000220.1	161802	1502	0
GL000213.1	164239	12	0
GL000211.1	166566	40	0
GL000199.1	169874	325	0
GL000217.1	172149	57	0
GL000216.1	172294	438	0
GL000215.1	172545	14	0
GL000205.1	174588	39	0
GL000219.1	179198	32	0
GL000224.1	179693	54	0
GL000223.1	180455	53	0
GL000195.1	182896	41	0
GL000212.1	186858	68	0
GL000222.1	186861	98	0
GL000200.1	187035	34	0
GL000193.1	189789	44	0
GL000194.1	191469	83	0
GL000225.1	211173	742	0
GL000192.1	547496	83	0
*	0	0	0
