1	249250621	9068	0
2	243199373	5748	0
3	198022430	4303	0
4	191154276	3552	0
5	180915260	4254	0
6	171115067	4007	0
7	159138663	4144	0
8	146364022	3398	0
9	141213431	3204	0
10	135534747	3588	0
11	135006516	3652	0
12	133851895	3343	0
13	115169878	2098	0
14	107349540	2331	0
15	102531392	2405	0
16	90354753	2938	0
17	81195210	3335	0
18	78077248	1910	0
19	59128983	2874	0
20	63025520	2063	0
21	48129895	1039	0
22	51304566	1635	0
X	155270560	2783	0
Y	59373566	639	0
MT	16569	18082	0
GL000207.1	4262	0	0
GL000226.1	15008	8	0
GL000229.1	19913	0	0
GL000231.1	27386	0	0
GL000210.1	27682	1	0
GL000239.1	33824	0	0
GL000235.1	34474	1	0
GL000201.1	36148	1	0
GL000247.1	36422	2	0
GL000245.1	36651	0	0
GL000197.1	37175	3	0
GL000203.1	37498	1	0
GL000246.1	38154	0	0
GL000249.1	38502	0	0
GL000196.1	38914	0	0
GL000248.1	39786	1	0
GL000244.1	39929	0	0
GL000238.1	39939	1	0
GL000202.1	40103	1	0
GL000234.1	40531	5	0
GL000232.1	40652	1	0
GL000206.1	41001	4	0
GL000240.1	41933	0	0
GL000236.1	41934	1	0
GL000241.1	42152	1	0
GL000243.1	43341	7	0
GL000242.1	43523	0	0
GL000230.1	43691	0	0
GL000237.1	45867	2	0
GL000233.1	45941	0	0
GL000204.1	81310	2	0
GL000198.1	90085	0	0
GL000208.1	92689	0	0
GL000191.1	106433	3	0
GL000227.1	128374	2	0
GL000228.1	129120	34	0
GL000214.1	137718	10	0
GL000221.1	155397	1	0
GL000209.1	159169	1	0
GL000218.1	161147	5	0
GL000220.1	161802	139	0
GL000213.1	164239	1	0
GL000211.1	166566	5	0
GL000199.1	169874	9	0
GL000217.1	172149	3	0
GL000216.1	172294	22	0
GL000215.1	172545	3	0
GL000205.1	174588	0	0
GL000219.1	179198	2	0
GL000224.1	179693	7	0
GL000223.1	180455	4	0
GL000195.1	182896	3	0
GL000212.1	186858	4	0
GL000222.1	186861	7	0
GL000200.1	187035	1	0
GL000193.1	189789	10	0
GL000194.1	191469	5	0
GL000225.1	211173	46	0
GL000192.1	547496	10	0
*	0	0	0
