1	249250621	41808	0
2	243199373	34368	0
3	198022430	27637	0
4	191154276	24143	0
5	180915260	25096	0
6	171115067	24600	0
7	159138663	25537	0
8	146364022	20321	0
9	141213431	19318	0
10	135534747	22540	0
11	135006516	19860	0
12	133851895	21865	0
13	115169878	12369	0
14	107349540	14037	0
15	102531392	14155	0
16	90354753	17250	0
17	81195210	18488	0
18	78077248	10438	0
19	59128983	16841	0
20	63025520	11136	0
21	48129895	5695	0
22	51304566	8206	0
X	155270560	15039	0
Y	59373566	6121	0
MT	16569	22683	0
GL000207.1	4262	0	0
GL000226.1	15008	98	0
GL000229.1	19913	12	0
GL000231.1	27386	14	0
GL000210.1	27682	2	0
GL000239.1	33824	24	0
GL000235.1	34474	8	0
GL000201.1	36148	1	0
GL000247.1	36422	10	0
GL000245.1	36651	8	0
GL000197.1	37175	4	0
GL000203.1	37498	4	0
GL000246.1	38154	5	0
GL000249.1	38502	3	0
GL000196.1	38914	2	0
GL000248.1	39786	8	0
GL000244.1	39929	4	0
GL000238.1	39939	2	0
GL000202.1	40103	2	0
GL000234.1	40531	29	0
GL000232.1	40652	27	0
GL000206.1	41001	1	0
GL000240.1	41933	11	0
GL000236.1	41934	8	0
GL000241.1	42152	10	0
GL000243.1	43341	29	0
GL000242.1	43523	13	0
GL000230.1	43691	2	0
GL000237.1	45867	26	0
GL000233.1	45941	6	0
GL000204.1	81310	11	0
GL000198.1	90085	28	0
GL000208.1	92689	31	0
GL000191.1	106433	25	0
GL000227.1	128374	17	0
GL000228.1	129120	278	0
GL000214.1	137718	75	0
GL000221.1	155397	56	0
GL000209.1	159169	9	0
GL000218.1	161147	50	0
GL000220.1	161802	811	0
GL000213.1	164239	11	0
GL000211.1	166566	37	0
GL000199.1	169874	149	0
GL000217.1	172149	28	0
GL000216.1	172294	277	0
GL000215.1	172545	12	0
GL000205.1	174588	16	0
GL000219.1	179198	21	0
GL000224.1	179693	65	0
GL000223.1	180455	42	0
GL000195.1	182896	38	0
GL000212.1	186858	49	0
GL000222.1	186861	46	0
GL000200.1	187035	21	0
GL000193.1	189789	42	0
GL000194.1	191469	52	0
GL000225.1	211173	625	0
GL000192.1	547496	74	0
*	0	0	0
