1	249250621	9381	0
2	243199373	6312	0
3	198022430	4854	0
4	191154276	4085	0
5	180915260	4587	0
6	171115067	4243	0
7	159138663	4494	0
8	146364022	3398	0
9	141213431	3292	0
10	135534747	3717	0
11	135006516	3779	0
12	133851895	3703	0
13	115169878	2363	0
14	107349540	2590	0
15	102531392	2543	0
16	90354753	2870	0
17	81195210	3315	0
18	78077248	1831	0
19	59128983	2862	0
20	63025520	1970	0
21	48129895	1028	0
22	51304566	1452	0
X	155270560	3998	0
Y	59373566	349	0
MT	16569	19316	0
GL000207.1	4262	0	0
GL000226.1	15008	4	0
GL000229.1	19913	1	0
GL000231.1	27386	4	0
GL000210.1	27682	0	0
GL000239.1	33824	1	0
GL000235.1	34474	1	0
GL000201.1	36148	0	0
GL000247.1	36422	3	0
GL000245.1	36651	3	0
GL000197.1	37175	0	0
GL000203.1	37498	0	0
GL000246.1	38154	1	0
GL000249.1	38502	3	0
GL000196.1	38914	0	0
GL000248.1	39786	0	0
GL000244.1	39929	0	0
GL000238.1	39939	1	0
GL000202.1	40103	2	0
GL000234.1	40531	1	0
GL000232.1	40652	3	0
GL000206.1	41001	1	0
GL000240.1	41933	7	0
GL000236.1	41934	0	0
GL000241.1	42152	0	0
GL000243.1	43341	9	0
GL000242.1	43523	0	0
GL000230.1	43691	0	0
GL000237.1	45867	4	0
GL000233.1	45941	0	0
GL000204.1	81310	3	0
GL000198.1	90085	4	0
GL000208.1	92689	3	0
GL000191.1	106433	4	0
GL000227.1	128374	3	0
GL000228.1	129120	101	0
GL000214.1	137718	9	0
GL000221.1	155397	8	0
GL000209.1	159169	2	0
GL000218.1	161147	6	0
GL000220.1	161802	85	0
GL000213.1	164239	4	0
GL000211.1	166566	5	0
GL000199.1	169874	6	0
GL000217.1	172149	3	0
GL000216.1	172294	51	0
GL000215.1	172545	2	0
GL000205.1	174588	2	0
GL000219.1	179198	6	0
GL000224.1	179693	7	0
GL000223.1	180455	9	0
GL000195.1	182896	7	0
GL000212.1	186858	4	0
GL000222.1	186861	20	0
GL000200.1	187035	5	0
GL000193.1	189789	13	0
GL000194.1	191469	8	0
GL000225.1	211173	99	0
GL000192.1	547496	9	0
*	0	0	0
