1	249250621	15630	0
2	243199373	12752	0
3	198022430	10429	0
4	191154276	8667	0
5	180915260	9622	0
6	171115067	9375	0
7	159138663	9515	0
8	146364022	7773	0
9	141213431	7831	0
10	135534747	8413	0
11	135006516	7708	0
12	133851895	8283	0
13	115169878	4679	0
14	107349540	5431	0
15	102531392	5518	0
16	90354753	6467	0
17	81195210	7312	0
18	78077248	3987	0
19	59128983	6465	0
20	63025520	4526	0
21	48129895	2171	0
22	51304566	3496	0
X	155270560	5123	0
Y	59373566	1726	0
MT	16569	6985	0
GL000207.1	4262	0	0
GL000226.1	15008	13	0
GL000229.1	19913	2	0
GL000231.1	27386	4	0
GL000210.1	27682	0	0
GL000239.1	33824	8	0
GL000235.1	34474	6	0
GL000201.1	36148	1	0
GL000247.1	36422	4	0
GL000245.1	36651	6	0
GL000197.1	37175	0	0
GL000203.1	37498	0	0
GL000246.1	38154	4	0
GL000249.1	38502	0	0
GL000196.1	38914	5	0
GL000248.1	39786	1	0
GL000244.1	39929	0	0
GL000238.1	39939	2	0
GL000202.1	40103	1	0
GL000234.1	40531	16	0
GL000232.1	40652	12	0
GL000206.1	41001	2	0
GL000240.1	41933	7	0
GL000236.1	41934	4	0
GL000241.1	42152	2	0
GL000243.1	43341	7	0
GL000242.1	43523	3	0
GL000230.1	43691	2	0
GL000237.1	45867	11	0
GL000233.1	45941	6	0
GL000204.1	81310	3	0
GL000198.1	90085	1	0
GL000208.1	92689	7	0
GL000191.1	106433	5	0
GL000227.1	128374	7	0
GL000228.1	129120	209	0
GL000214.1	137718	23	0
GL000221.1	155397	13	0
GL000209.1	159169	4	0
GL000218.1	161147	21	0
GL000220.1	161802	444	0
GL000213.1	164239	2	0
GL000211.1	166566	17	0
GL000199.1	169874	21	0
GL000217.1	172149	12	0
GL000216.1	172294	85	0
GL000215.1	172545	4	0
GL000205.1	174588	6	0
GL000219.1	179198	9	0
GL000224.1	179693	14	0
GL000223.1	180455	14	0
GL000195.1	182896	10	0
GL000212.1	186858	21	0
GL000222.1	186861	34	0
GL000200.1	187035	6	0
GL000193.1	189789	10	0
GL000194.1	191469	34	0
GL000225.1	211173	240	0
GL000192.1	547496	17	0
*	0	0	0
