1	249250621	54310	0
2	243199373	48250	0
3	198022430	38943	0
4	191154276	34687	0
5	180915260	34557	0
6	171115067	33695	0
7	159138663	36594	0
8	146364022	28138	0
9	141213431	27644	0
10	135534747	32510	0
11	135006516	27444	0
12	133851895	30743	0
13	115169878	17414	0
14	107349540	20015	0
15	102531392	20172	0
16	90354753	23761	0
17	81195210	26968	0
18	78077248	14633	0
19	59128983	23445	0
20	63025520	15279	0
21	48129895	8100	0
22	51304566	11421	0
X	155270560	30069	0
Y	59373566	4252	0
MT	16569	2458	0
GL000207.1	4262	0	0
GL000226.1	15008	165	0
GL000229.1	19913	11	0
GL000231.1	27386	14	0
GL000210.1	27682	8	0
GL000239.1	33824	15	0
GL000235.1	34474	14	0
GL000201.1	36148	6	0
GL000247.1	36422	12	0
GL000245.1	36651	10	0
GL000197.1	37175	3	0
GL000203.1	37498	9	0
GL000246.1	38154	5	0
GL000249.1	38502	7	0
GL000196.1	38914	7	0
GL000248.1	39786	6	0
GL000244.1	39929	8	0
GL000238.1	39939	5	0
GL000202.1	40103	6	0
GL000234.1	40531	20	0
GL000232.1	40652	19	0
GL000206.1	41001	3	0
GL000240.1	41933	10	0
GL000236.1	41934	14	0
GL000241.1	42152	8	0
GL000243.1	43341	16	0
GL000242.1	43523	21	0
GL000230.1	43691	4	0
GL000237.1	45867	21	0
GL000233.1	45941	14	0
GL000204.1	81310	12	0
GL000198.1	90085	13	0
GL000208.1	92689	27	0
GL000191.1	106433	51	0
GL000227.1	128374	20	0
GL000228.1	129120	247	0
GL000214.1	137718	62	0
GL000221.1	155397	56	0
GL000209.1	159169	10	0
GL000218.1	161147	47	0
GL000220.1	161802	627	0
GL000213.1	164239	20	0
GL000211.1	166566	42	0
GL000199.1	169874	232	0
GL000217.1	172149	30	0
GL000216.1	172294	577	0
GL000215.1	172545	26	0
GL000205.1	174588	17	0
GL000219.1	179198	26	0
GL000224.1	179693	51	0
GL000223.1	180455	76	0
GL000195.1	182896	30	0
GL000212.1	186858	46	0
GL000222.1	186861	48	0
GL000200.1	187035	41	0
GL000193.1	189789	44	0
GL000194.1	191469	54	0
GL000225.1	211173	556	0
GL000192.1	547496	102	0
*	0	0	0
