1	249250621	16617	0
2	243199373	14786	0
3	198022430	11675	0
4	191154276	9673	0
5	180915260	10269	0
6	171115067	10318	0
7	159138663	11175	0
8	146364022	8150	0
9	141213431	8537	0
10	135534747	9267	0
11	135006516	8557	0
12	133851895	9607	0
13	115169878	5222	0
14	107349540	6157	0
15	102531392	6433	0
16	90354753	7852	0
17	81195210	9364	0
18	78077248	4647	0
19	59128983	8321	0
20	63025520	4957	0
21	48129895	2276	0
22	51304566	3938	0
X	155270560	9685	0
Y	59373566	795	0
MT	16569	239	0
GL000207.1	4262	0	0
GL000226.1	15008	16	0
GL000229.1	19913	1	0
GL000231.1	27386	1	0
GL000210.1	27682	1	0
GL000239.1	33824	6	0
GL000235.1	34474	4	0
GL000201.1	36148	1	0
GL000247.1	36422	1	0
GL000245.1	36651	2	0
GL000197.1	37175	3	0
GL000203.1	37498	1	0
GL000246.1	38154	1	0
GL000249.1	38502	3	0
GL000196.1	38914	1	0
GL000248.1	39786	5	0
GL000244.1	39929	3	0
GL000238.1	39939	5	0
GL000202.1	40103	3	0
GL000234.1	40531	4	0
GL000232.1	40652	3	0
GL000206.1	41001	6	0
GL000240.1	41933	3	0
GL000236.1	41934	2	0
GL000241.1	42152	0	0
GL000243.1	43341	6	0
GL000242.1	43523	5	0
GL000230.1	43691	3	0
GL000237.1	45867	11	0
GL000233.1	45941	1	0
GL000204.1	81310	5	0
GL000198.1	90085	10	0
GL000208.1	92689	3	0
GL000191.1	106433	15	0
GL000227.1	128374	2	0
GL000228.1	129120	108	0
GL000214.1	137718	11	0
GL000221.1	155397	11	0
GL000209.1	159169	2	0
GL000218.1	161147	18	0
GL000220.1	161802	222	0
GL000213.1	164239	6	0
GL000211.1	166566	10	0
GL000199.1	169874	14	0
GL000217.1	172149	3	0
GL000216.1	172294	49	0
GL000215.1	172545	4	0
GL000205.1	174588	3	0
GL000219.1	179198	2	0
GL000224.1	179693	16	0
GL000223.1	180455	18	0
GL000195.1	182896	3	0
GL000212.1	186858	17	0
GL000222.1	186861	23	0
GL000200.1	187035	10	0
GL000193.1	189789	8	0
GL000194.1	191469	21	0
GL000225.1	211173	88	0
GL000192.1	547496	16	0
*	0	0	0
