1	249250621	73449	0
2	243199373	73262	0
3	198022430	58797	0
4	191154276	50094	0
5	180915260	50851	0
6	171115067	48131	0
7	159138663	49544	0
8	146364022	39342	0
9	141213431	37261	0
10	135534747	42703	0
11	135006516	39820	0
12	133851895	41429	0
13	115169878	27169	0
14	107349540	28125	0
15	102531392	27844	0
16	90354753	28274	0
17	81195210	30081	0
18	78077248	22972	0
19	59128983	20136	0
20	63025520	20470	0
21	48129895	11480	0
22	51304566	12421	0
X	155270560	50174	0
Y	59373566	4767	0
MT	16569	7994	0
GL000207.1	4262	0	0
GL000226.1	15008	26	0
GL000229.1	19913	7	0
GL000231.1	27386	8	0
GL000210.1	27682	2	0
GL000239.1	33824	11	0
GL000235.1	34474	25	0
GL000201.1	36148	13	0
GL000247.1	36422	5	0
GL000245.1	36651	10	0
GL000197.1	37175	21	0
GL000203.1	37498	3	0
GL000246.1	38154	12	0
GL000249.1	38502	1	0
GL000196.1	38914	1	0
GL000248.1	39786	0	0
GL000244.1	39929	18	0
GL000238.1	39939	12	0
GL000202.1	40103	4	0
GL000234.1	40531	19	0
GL000232.1	40652	11	0
GL000206.1	41001	14	0
GL000240.1	41933	7	0
GL000236.1	41934	6	0
GL000241.1	42152	7	0
GL000243.1	43341	22	0
GL000242.1	43523	7	0
GL000230.1	43691	6	0
GL000237.1	45867	17	0
GL000233.1	45941	8	0
GL000204.1	81310	13	0
GL000198.1	90085	7	0
GL000208.1	92689	3	0
GL000191.1	106433	18	0
GL000227.1	128374	4	0
GL000228.1	129120	216	0
GL000214.1	137718	69	0
GL000221.1	155397	48	0
GL000209.1	159169	7	0
GL000218.1	161147	83	0
GL000220.1	161802	669	0
GL000213.1	164239	17	0
GL000211.1	166566	30	0
GL000199.1	169874	30	0
GL000217.1	172149	16	0
GL000216.1	172294	145	0
GL000215.1	172545	18	0
GL000205.1	174588	32	0
GL000219.1	179198	13	0
GL000224.1	179693	70	0
GL000223.1	180455	33	0
GL000195.1	182896	14	0
GL000212.1	186858	25	0
GL000222.1	186861	35	0
GL000200.1	187035	20	0
GL000193.1	189789	88	0
GL000194.1	191469	72	0
GL000225.1	211173	348	0
GL000192.1	547496	51	0
*	0	0	0
