1	249250621	124560	0
2	243199373	109828	0
3	198022430	87200	0
4	191154276	76849	0
5	180915260	77747	0
6	171115067	77536	0
7	159138663	82210	0
8	146364022	64929	0
9	141213431	62192	0
10	135534747	72556	0
11	135006516	63480	0
12	133851895	69776	0
13	115169878	38370	0
14	107349540	44839	0
15	102531392	45686	0
16	90354753	56206	0
17	81195210	60139	0
18	78077248	32939	0
19	59128983	54262	0
20	63025520	35241	0
21	48129895	17914	0
22	51304566	27152	0
X	155270560	50282	0
Y	59373566	18912	0
MT	16569	4957	0
GL000207.1	4262	1	0
GL000226.1	15008	519	0
GL000229.1	19913	50	0
GL000231.1	27386	67	0
GL000210.1	27682	11	0
GL000239.1	33824	53	0
GL000235.1	34474	42	0
GL000201.1	36148	6	0
GL000247.1	36422	39	0
GL000245.1	36651	29	0
GL000197.1	37175	8	0
GL000203.1	37498	18	0
GL000246.1	38154	29	0
GL000249.1	38502	18	0
GL000196.1	38914	20	0
GL000248.1	39786	13	0
GL000244.1	39929	22	0
GL000238.1	39939	8	0
GL000202.1	40103	13	0
GL000234.1	40531	65	0
GL000232.1	40652	81	0
GL000206.1	41001	7	0
GL000240.1	41933	39	0
GL000236.1	41934	25	0
GL000241.1	42152	39	0
GL000243.1	43341	72	0
GL000242.1	43523	32	0
GL000230.1	43691	13	0
GL000237.1	45867	94	0
GL000233.1	45941	19	0
GL000204.1	81310	25	0
GL000198.1	90085	70	0
GL000208.1	92689	79	0
GL000191.1	106433	92	0
GL000227.1	128374	46	0
GL000228.1	129120	651	0
GL000214.1	137718	275	0
GL000221.1	155397	160	0
GL000209.1	159169	25	0
GL000218.1	161147	136	0
GL000220.1	161802	3316	0
GL000213.1	164239	42	0
GL000211.1	166566	112	0
GL000199.1	169874	693	0
GL000217.1	172149	122	0
GL000216.1	172294	1038	0
GL000215.1	172545	33	0
GL000205.1	174588	112	0
GL000219.1	179198	100	0
GL000224.1	179693	273	0
GL000223.1	180455	148	0
GL000195.1	182896	112	0
GL000212.1	186858	209	0
GL000222.1	186861	177	0
GL000200.1	187035	73	0
GL000193.1	189789	172	0
GL000194.1	191469	173	0
GL000225.1	211173	1924	0
GL000192.1	547496	225	0
*	0	0	0
