1	249250621	33228	0
2	243199373	30251	0
3	198022430	23814	0
4	191154276	22533	0
5	180915260	21481	0
6	171115067	21099	0
7	159138663	21877	0
8	146364022	17726	0
9	141213431	16512	0
10	135534747	20889	0
11	135006516	16897	0
12	133851895	18499	0
13	115169878	10676	0
14	107349540	11892	0
15	102531392	11763	0
16	90354753	14505	0
17	81195210	15118	0
18	78077248	8877	0
19	59128983	13750	0
20	63025520	8768	0
21	48129895	4721	0
22	51304566	6586	0
X	155270560	15678	0
Y	59373566	5497	0
MT	16569	3280	0
GL000207.1	4262	1	0
GL000226.1	15008	462	0
GL000229.1	19913	16	0
GL000231.1	27386	13	0
GL000210.1	27682	2	0
GL000239.1	33824	8	0
GL000235.1	34474	17	0
GL000201.1	36148	0	0
GL000247.1	36422	13	0
GL000245.1	36651	17	0
GL000197.1	37175	3	0
GL000203.1	37498	2	0
GL000246.1	38154	8	0
GL000249.1	38502	6	0
GL000196.1	38914	5	0
GL000248.1	39786	4	0
GL000244.1	39929	2	0
GL000238.1	39939	2	0
GL000202.1	40103	3	0
GL000234.1	40531	11	0
GL000232.1	40652	17	0
GL000206.1	41001	4	0
GL000240.1	41933	11	0
GL000236.1	41934	7	0
GL000241.1	42152	13	0
GL000243.1	43341	17	0
GL000242.1	43523	9	0
GL000230.1	43691	9	0
GL000237.1	45867	23	0
GL000233.1	45941	6	0
GL000204.1	81310	4	0
GL000198.1	90085	16	0
GL000208.1	92689	49	0
GL000191.1	106433	26	0
GL000227.1	128374	16	0
GL000228.1	129120	237	0
GL000214.1	137718	87	0
GL000221.1	155397	45	0
GL000209.1	159169	7	0
GL000218.1	161147	47	0
GL000220.1	161802	1023	0
GL000213.1	164239	15	0
GL000211.1	166566	32	0
GL000199.1	169874	502	0
GL000217.1	172149	22	0
GL000216.1	172294	589	0
GL000215.1	172545	16	0
GL000205.1	174588	40	0
GL000219.1	179198	33	0
GL000224.1	179693	84	0
GL000223.1	180455	35	0
GL000195.1	182896	34	0
GL000212.1	186858	58	0
GL000222.1	186861	38	0
GL000200.1	187035	26	0
GL000193.1	189789	32	0
GL000194.1	191469	47	0
GL000225.1	211173	665	0
GL000192.1	547496	71	0
*	0	0	0
