1	249250621	33247	0
2	243199373	28710	0
3	198022430	22798	0
4	191154276	19674	0
5	180915260	20010	0
6	171115067	20507	0
7	159138663	22314	0
8	146364022	16401	0
9	141213431	16530	0
10	135534747	19725	0
11	135006516	16256	0
12	133851895	19043	0
13	115169878	9716	0
14	107349540	11987	0
15	102531392	12645	0
16	90354753	15539	0
17	81195210	17517	0
18	78077248	8438	0
19	59128983	16055	0
20	63025520	9449	0
21	48129895	4653	0
22	51304566	7654	0
X	155270560	15060	0
Y	59373566	4862	0
MT	16569	663	0
GL000207.1	4262	0	0
GL000226.1	15008	148	0
GL000229.1	19913	5	0
GL000231.1	27386	6	0
GL000210.1	27682	5	0
GL000239.1	33824	19	0
GL000235.1	34474	6	0
GL000201.1	36148	1	0
GL000247.1	36422	2	0
GL000245.1	36651	4	0
GL000197.1	37175	2	0
GL000203.1	37498	3	0
GL000246.1	38154	6	0
GL000249.1	38502	6	0
GL000196.1	38914	9	0
GL000248.1	39786	7	0
GL000244.1	39929	2	0
GL000238.1	39939	2	0
GL000202.1	40103	8	0
GL000234.1	40531	12	0
GL000232.1	40652	12	0
GL000206.1	41001	2	0
GL000240.1	41933	9	0
GL000236.1	41934	6	0
GL000241.1	42152	4	0
GL000243.1	43341	16	0
GL000242.1	43523	12	0
GL000230.1	43691	6	0
GL000237.1	45867	19	0
GL000233.1	45941	4	0
GL000204.1	81310	3	0
GL000198.1	90085	12	0
GL000208.1	92689	17	0
GL000191.1	106433	29	0
GL000227.1	128374	9	0
GL000228.1	129120	118	0
GL000214.1	137718	34	0
GL000221.1	155397	32	0
GL000209.1	159169	13	0
GL000218.1	161147	24	0
GL000220.1	161802	499	0
GL000213.1	164239	9	0
GL000211.1	166566	28	0
GL000199.1	169874	113	0
GL000217.1	172149	18	0
GL000216.1	172294	226	0
GL000215.1	172545	5	0
GL000205.1	174588	10	0
GL000219.1	179198	17	0
GL000224.1	179693	30	0
GL000223.1	180455	40	0
GL000195.1	182896	19	0
GL000212.1	186858	43	0
GL000222.1	186861	37	0
GL000200.1	187035	15	0
GL000193.1	189789	21	0
GL000194.1	191469	31	0
GL000225.1	211173	258	0
GL000192.1	547496	55	0
*	0	0	0
