1	249250621	22918	0
2	243199373	20047	0
3	198022430	15836	0
4	191154276	13420	0
5	180915260	14053	0
6	171115067	14354	0
7	159138663	14392	0
8	146364022	11713	0
9	141213431	11404	0
10	135534747	13002	0
11	135006516	11647	0
12	133851895	12542	0
13	115169878	7020	0
14	107349540	7963	0
15	102531392	8439	0
16	90354753	9954	0
17	81195210	10733	0
18	78077248	6016	0
19	59128983	9973	0
20	63025520	6535	0
21	48129895	3306	0
22	51304566	5215	0
X	155270560	11592	0
Y	59373566	936	0
MT	16569	2040	0
GL000207.1	4262	0	0
GL000226.1	15008	92	0
GL000229.1	19913	5	0
GL000231.1	27386	7	0
GL000210.1	27682	1	0
GL000239.1	33824	4	0
GL000235.1	34474	8	0
GL000201.1	36148	3	0
GL000247.1	36422	4	0
GL000245.1	36651	5	0
GL000197.1	37175	3	0
GL000203.1	37498	0	0
GL000246.1	38154	1	0
GL000249.1	38502	1	0
GL000196.1	38914	0	0
GL000248.1	39786	3	0
GL000244.1	39929	3	0
GL000238.1	39939	4	0
GL000202.1	40103	1	0
GL000234.1	40531	23	0
GL000232.1	40652	15	0
GL000206.1	41001	2	0
GL000240.1	41933	5	0
GL000236.1	41934	7	0
GL000241.1	42152	5	0
GL000243.1	43341	15	0
GL000242.1	43523	4	0
GL000230.1	43691	3	0
GL000237.1	45867	8	0
GL000233.1	45941	4	0
GL000204.1	81310	2	0
GL000198.1	90085	3	0
GL000208.1	92689	9	0
GL000191.1	106433	17	0
GL000227.1	128374	5	0
GL000228.1	129120	108	0
GL000214.1	137718	51	0
GL000221.1	155397	24	0
GL000209.1	159169	1	0
GL000218.1	161147	22	0
GL000220.1	161802	764	0
GL000213.1	164239	5	0
GL000211.1	166566	22	0
GL000199.1	169874	116	0
GL000217.1	172149	32	0
GL000216.1	172294	116	0
GL000215.1	172545	2	0
GL000205.1	174588	10	0
GL000219.1	179198	12	0
GL000224.1	179693	44	0
GL000223.1	180455	18	0
GL000195.1	182896	16	0
GL000212.1	186858	19	0
GL000222.1	186861	27	0
GL000200.1	187035	9	0
GL000193.1	189789	15	0
GL000194.1	191469	20	0
GL000225.1	211173	169	0
GL000192.1	547496	41	0
*	0	0	0
