1	249250621	36296	0
2	243199373	34986	0
3	198022430	27663	0
4	191154276	23813	0
5	180915260	24242	0
6	171115067	23075	0
7	159138663	23968	0
8	146364022	18655	0
9	141213431	17878	0
10	135534747	20353	0
11	135006516	18817	0
12	133851895	20395	0
13	115169878	12687	0
14	107349540	13419	0
15	102531392	13276	0
16	90354753	14648	0
17	81195210	15051	0
18	78077248	10431	0
19	59128983	11225	0
20	63025520	9716	0
21	48129895	5378	0
22	51304566	6312	0
X	155270560	22827	0
Y	59373566	2559	0
MT	16569	374	0
GL000207.1	4262	0	0
GL000226.1	15008	18	0
GL000229.1	19913	9	0
GL000231.1	27386	5	0
GL000210.1	27682	0	0
GL000239.1	33824	1	0
GL000235.1	34474	8	0
GL000201.1	36148	3	0
GL000247.1	36422	3	0
GL000245.1	36651	3	0
GL000197.1	37175	12	0
GL000203.1	37498	1	0
GL000246.1	38154	6	0
GL000249.1	38502	3	0
GL000196.1	38914	1	0
GL000248.1	39786	3	0
GL000244.1	39929	10	0
GL000238.1	39939	6	0
GL000202.1	40103	2	0
GL000234.1	40531	3	0
GL000232.1	40652	2	0
GL000206.1	41001	3	0
GL000240.1	41933	2	0
GL000236.1	41934	2	0
GL000241.1	42152	1	0
GL000243.1	43341	4	0
GL000242.1	43523	17	0
GL000230.1	43691	0	0
GL000237.1	45867	5	0
GL000233.1	45941	0	0
GL000204.1	81310	3	0
GL000198.1	90085	3	0
GL000208.1	92689	5	0
GL000191.1	106433	12	0
GL000227.1	128374	7	0
GL000228.1	129120	126	0
GL000214.1	137718	28	0
GL000221.1	155397	20	0
GL000209.1	159169	5	0
GL000218.1	161147	33	0
GL000220.1	161802	321	0
GL000213.1	164239	10	0
GL000211.1	166566	10	0
GL000199.1	169874	42	0
GL000217.1	172149	13	0
GL000216.1	172294	78	0
GL000215.1	172545	7	0
GL000205.1	174588	13	0
GL000219.1	179198	14	0
GL000224.1	179693	14	0
GL000223.1	180455	21	0
GL000195.1	182896	6	0
GL000212.1	186858	14	0
GL000222.1	186861	17	0
GL000200.1	187035	16	0
GL000193.1	189789	37	0
GL000194.1	191469	24	0
GL000225.1	211173	80	0
GL000192.1	547496	34	0
*	0	0	0
