1	249250621	34927	0
2	243199373	32906	0
3	198022430	25452	0
4	191154276	21202	0
5	180915260	22525	0
6	171115067	21572	0
7	159138663	22784	0
8	146364022	17378	0
9	141213431	16663	0
10	135534747	18916	0
11	135006516	18073	0
12	133851895	20347	0
13	115169878	12346	0
14	107349540	12980	0
15	102531392	13448	0
16	90354753	14612	0
17	81195210	16115	0
18	78077248	10021	0
19	59128983	12608	0
20	63025520	9298	0
21	48129895	5045	0
22	51304566	6694	0
X	155270560	23016	0
Y	59373566	1932	0
MT	16569	221	0
GL000207.1	4262	0	0
GL000226.1	15008	23	0
GL000229.1	19913	4	0
GL000231.1	27386	10	0
GL000210.1	27682	2	0
GL000239.1	33824	7	0
GL000235.1	34474	6	0
GL000201.1	36148	9	0
GL000247.1	36422	2	0
GL000245.1	36651	2	0
GL000197.1	37175	6	0
GL000203.1	37498	0	0
GL000246.1	38154	5	0
GL000249.1	38502	1	0
GL000196.1	38914	4	0
GL000248.1	39786	2	0
GL000244.1	39929	5	0
GL000238.1	39939	5	0
GL000202.1	40103	3	0
GL000234.1	40531	5	0
GL000232.1	40652	4	0
GL000206.1	41001	8	0
GL000240.1	41933	8	0
GL000236.1	41934	2	0
GL000241.1	42152	4	0
GL000243.1	43341	10	0
GL000242.1	43523	8	0
GL000230.1	43691	3	0
GL000237.1	45867	12	0
GL000233.1	45941	4	0
GL000204.1	81310	5	0
GL000198.1	90085	6	0
GL000208.1	92689	1	0
GL000191.1	106433	13	0
GL000227.1	128374	7	0
GL000228.1	129120	132	0
GL000214.1	137718	34	0
GL000221.1	155397	25	0
GL000209.1	159169	9	0
GL000218.1	161147	33	0
GL000220.1	161802	318	0
GL000213.1	164239	6	0
GL000211.1	166566	14	0
GL000199.1	169874	21	0
GL000217.1	172149	11	0
GL000216.1	172294	74	0
GL000215.1	172545	4	0
GL000205.1	174588	11	0
GL000219.1	179198	5	0
GL000224.1	179693	16	0
GL000223.1	180455	24	0
GL000195.1	182896	6	0
GL000212.1	186858	10	0
GL000222.1	186861	18	0
GL000200.1	187035	14	0
GL000193.1	189789	17	0
GL000194.1	191469	31	0
GL000225.1	211173	126	0
GL000192.1	547496	25	0
*	0	0	0
