1	249250621	34510	0
2	243199373	29545	0
3	198022430	23436	0
4	191154276	19919	0
5	180915260	21496	0
6	171115067	20861	0
7	159138663	21347	0
8	146364022	17133	0
9	141213431	16231	0
10	135534747	18416	0
11	135006516	16841	0
12	133851895	18313	0
13	115169878	10832	0
14	107349540	11981	0
15	102531392	12222	0
16	90354753	14452	0
17	81195210	15348	0
18	78077248	9155	0
19	59128983	12497	0
20	63025520	9377	0
21	48129895	4889	0
22	51304566	6669	0
X	155270560	18611	0
Y	59373566	1254	0
MT	16569	10287	0
GL000207.1	4262	0	0
GL000226.1	15008	13	0
GL000229.1	19913	4	0
GL000231.1	27386	16	0
GL000210.1	27682	2	0
GL000239.1	33824	15	0
GL000235.1	34474	6	0
GL000201.1	36148	1	0
GL000247.1	36422	7	0
GL000245.1	36651	11	0
GL000197.1	37175	3	0
GL000203.1	37498	5	0
GL000246.1	38154	2	0
GL000249.1	38502	3	0
GL000196.1	38914	2	0
GL000248.1	39786	2	0
GL000244.1	39929	2	0
GL000238.1	39939	6	0
GL000202.1	40103	1	0
GL000234.1	40531	18	0
GL000232.1	40652	13	0
GL000206.1	41001	0	0
GL000240.1	41933	7	0
GL000236.1	41934	6	0
GL000241.1	42152	9	0
GL000243.1	43341	18	0
GL000242.1	43523	5	0
GL000230.1	43691	0	0
GL000237.1	45867	22	0
GL000233.1	45941	3	0
GL000204.1	81310	8	0
GL000198.1	90085	12	0
GL000208.1	92689	5	0
GL000191.1	106433	18	0
GL000227.1	128374	8	0
GL000228.1	129120	279	0
GL000214.1	137718	64	0
GL000221.1	155397	38	0
GL000209.1	159169	5	0
GL000218.1	161147	35	0
GL000220.1	161802	627	0
GL000213.1	164239	4	0
GL000211.1	166566	28	0
GL000199.1	169874	21	0
GL000217.1	172149	20	0
GL000216.1	172294	164	0
GL000215.1	172545	10	0
GL000205.1	174588	18	0
GL000219.1	179198	16	0
GL000224.1	179693	49	0
GL000223.1	180455	25	0
GL000195.1	182896	17	0
GL000212.1	186858	14	0
GL000222.1	186861	42	0
GL000200.1	187035	7	0
GL000193.1	189789	36	0
GL000194.1	191469	52	0
GL000225.1	211173	369	0
GL000192.1	547496	38	0
*	0	0	0
