1	249250621	31546	0
2	243199373	26657	0
3	198022430	21783	0
4	191154276	19107	0
5	180915260	19321	0
6	171115067	19300	0
7	159138663	20724	0
8	146364022	15660	0
9	141213431	16022	0
10	135534747	17484	0
11	135006516	15511	0
12	133851895	17744	0
13	115169878	9273	0
14	107349540	11141	0
15	102531392	11345	0
16	90354753	13690	0
17	81195210	16261	0
18	78077248	7829	0
19	59128983	14686	0
20	63025520	8519	0
21	48129895	4205	0
22	51304566	7018	0
X	155270560	17451	0
Y	59373566	1774	0
MT	16569	1987	0
GL000207.1	4262	0	0
GL000226.1	15008	108	0
GL000229.1	19913	13	0
GL000231.1	27386	7	0
GL000210.1	27682	4	0
GL000239.1	33824	12	0
GL000235.1	34474	8	0
GL000201.1	36148	0	0
GL000247.1	36422	3	0
GL000245.1	36651	8	0
GL000197.1	37175	2	0
GL000203.1	37498	2	0
GL000246.1	38154	7	0
GL000249.1	38502	2	0
GL000196.1	38914	5	0
GL000248.1	39786	6	0
GL000244.1	39929	5	0
GL000238.1	39939	3	0
GL000202.1	40103	2	0
GL000234.1	40531	16	0
GL000232.1	40652	18	0
GL000206.1	41001	3	0
GL000240.1	41933	8	0
GL000236.1	41934	9	0
GL000241.1	42152	2	0
GL000243.1	43341	15	0
GL000242.1	43523	6	0
GL000230.1	43691	8	0
GL000237.1	45867	23	0
GL000233.1	45941	3	0
GL000204.1	81310	12	0
GL000198.1	90085	12	0
GL000208.1	92689	13	0
GL000191.1	106433	29	0
GL000227.1	128374	21	0
GL000228.1	129120	347	0
GL000214.1	137718	55	0
GL000221.1	155397	34	0
GL000209.1	159169	11	0
GL000218.1	161147	39	0
GL000220.1	161802	1490	0
GL000213.1	164239	11	0
GL000211.1	166566	23	0
GL000199.1	169874	75	0
GL000217.1	172149	18	0
GL000216.1	172294	272	0
GL000215.1	172545	8	0
GL000205.1	174588	22	0
GL000219.1	179198	22	0
GL000224.1	179693	61	0
GL000223.1	180455	45	0
GL000195.1	182896	15	0
GL000212.1	186858	31	0
GL000222.1	186861	41	0
GL000200.1	187035	31	0
GL000193.1	189789	45	0
GL000194.1	191469	42	0
GL000225.1	211173	472	0
GL000192.1	547496	57	0
*	0	0	0
