1	249250621	64657	0
2	243199373	55998	0
3	198022430	45051	0
4	191154276	38457	0
5	180915260	38913	0
6	171115067	39327	0
7	159138663	42809	0
8	146364022	31569	0
9	141213431	32343	0
10	135534747	36798	0
11	135006516	31963	0
12	133851895	36606	0
13	115169878	19744	0
14	107349540	23503	0
15	102531392	24265	0
16	90354753	28485	0
17	81195210	33949	0
18	78077248	16734	0
19	59128983	30269	0
20	63025520	18226	0
21	48129895	8933	0
22	51304566	14587	0
X	155270560	32458	0
Y	59373566	6279	0
MT	16569	320	0
GL000207.1	4262	1	0
GL000226.1	15008	134	0
GL000229.1	19913	3	0
GL000231.1	27386	12	0
GL000210.1	27682	6	0
GL000239.1	33824	12	0
GL000235.1	34474	13	0
GL000201.1	36148	10	0
GL000247.1	36422	11	0
GL000245.1	36651	9	0
GL000197.1	37175	8	0
GL000203.1	37498	4	0
GL000246.1	38154	5	0
GL000249.1	38502	9	0
GL000196.1	38914	12	0
GL000248.1	39786	9	0
GL000244.1	39929	4	0
GL000238.1	39939	6	0
GL000202.1	40103	12	0
GL000234.1	40531	8	0
GL000232.1	40652	13	0
GL000206.1	41001	12	0
GL000240.1	41933	18	0
GL000236.1	41934	15	0
GL000241.1	42152	5	0
GL000243.1	43341	19	0
GL000242.1	43523	25	0
GL000230.1	43691	9	0
GL000237.1	45867	36	0
GL000233.1	45941	14	0
GL000204.1	81310	10	0
GL000198.1	90085	26	0
GL000208.1	92689	19	0
GL000191.1	106433	56	0
GL000227.1	128374	27	0
GL000228.1	129120	334	0
GL000214.1	137718	56	0
GL000221.1	155397	27	0
GL000209.1	159169	13	0
GL000218.1	161147	67	0
GL000220.1	161802	364	0
GL000213.1	164239	23	0
GL000211.1	166566	42	0
GL000199.1	169874	213	0
GL000217.1	172149	27	0
GL000216.1	172294	331	0
GL000215.1	172545	28	0
GL000205.1	174588	10	0
GL000219.1	179198	16	0
GL000224.1	179693	54	0
GL000223.1	180455	84	0
GL000195.1	182896	14	0
GL000212.1	186858	50	0
GL000222.1	186861	72	0
GL000200.1	187035	45	0
GL000193.1	189789	38	0
GL000194.1	191469	53	0
GL000225.1	211173	375	0
GL000192.1	547496	111	0
*	0	0	0
