1	249250621	17677	0
2	243199373	15424	0
3	198022430	12634	0
4	191154276	10744	0
5	180915260	11150	0
6	171115067	11089	0
7	159138663	11869	0
8	146364022	8795	0
9	141213431	9012	0
10	135534747	9851	0
11	135006516	8918	0
12	133851895	10111	0
13	115169878	5560	0
14	107349540	6578	0
15	102531392	6741	0
16	90354753	7900	0
17	81195210	9319	0
18	78077248	4529	0
19	59128983	8096	0
20	63025520	5076	0
21	48129895	2448	0
22	51304566	3906	0
X	155270560	8815	0
Y	59373566	1345	0
MT	16569	805	0
GL000207.1	4262	0	0
GL000226.1	15008	20	0
GL000229.1	19913	3	0
GL000231.1	27386	2	0
GL000210.1	27682	2	0
GL000239.1	33824	9	0
GL000235.1	34474	1	0
GL000201.1	36148	1	0
GL000247.1	36422	4	0
GL000245.1	36651	3	0
GL000197.1	37175	6	0
GL000203.1	37498	2	0
GL000246.1	38154	5	0
GL000249.1	38502	3	0
GL000196.1	38914	5	0
GL000248.1	39786	3	0
GL000244.1	39929	2	0
GL000238.1	39939	1	0
GL000202.1	40103	7	0
GL000234.1	40531	5	0
GL000232.1	40652	10	0
GL000206.1	41001	1	0
GL000240.1	41933	5	0
GL000236.1	41934	6	0
GL000241.1	42152	2	0
GL000243.1	43341	10	0
GL000242.1	43523	5	0
GL000230.1	43691	4	0
GL000237.1	45867	16	0
GL000233.1	45941	3	0
GL000204.1	81310	5	0
GL000198.1	90085	11	0
GL000208.1	92689	2	0
GL000191.1	106433	9	0
GL000227.1	128374	6	0
GL000228.1	129120	325	0
GL000214.1	137718	33	0
GL000221.1	155397	14	0
GL000209.1	159169	8	0
GL000218.1	161147	20	0
GL000220.1	161802	310	0
GL000213.1	164239	7	0
GL000211.1	166566	12	0
GL000199.1	169874	18	0
GL000217.1	172149	8	0
GL000216.1	172294	72	0
GL000215.1	172545	4	0
GL000205.1	174588	5	0
GL000219.1	179198	9	0
GL000224.1	179693	36	0
GL000223.1	180455	32	0
GL000195.1	182896	8	0
GL000212.1	186858	11	0
GL000222.1	186861	25	0
GL000200.1	187035	16	0
GL000193.1	189789	13	0
GL000194.1	191469	10	0
GL000225.1	211173	163	0
GL000192.1	547496	31	0
*	0	0	0
