1	249250621	34716	0
2	243199373	25550	0
3	198022430	20782	0
4	191154276	16949	0
5	180915260	19321	0
6	171115067	17641	0
7	159138663	18872	0
8	146364022	14187	0
9	141213431	14021	0
10	135534747	15444	0
11	135006516	14604	0
12	133851895	15773	0
13	115169878	9236	0
14	107349540	10420	0
15	102531392	10310	0
16	90354753	11690	0
17	81195210	13577	0
18	78077248	7964	0
19	59128983	11423	0
20	63025520	7688	0
21	48129895	4154	0
22	51304566	5790	0
X	155270560	14528	0
Y	59373566	2892	0
MT	16569	40819	0
GL000207.1	4262	0	0
GL000226.1	15008	24	0
GL000229.1	19913	3	0
GL000231.1	27386	5	0
GL000210.1	27682	0	0
GL000239.1	33824	8	0
GL000235.1	34474	9	0
GL000201.1	36148	1	0
GL000247.1	36422	2	0
GL000245.1	36651	7	0
GL000197.1	37175	2	0
GL000203.1	37498	1	0
GL000246.1	38154	1	0
GL000249.1	38502	5	0
GL000196.1	38914	6	0
GL000248.1	39786	3	0
GL000244.1	39929	2	0
GL000238.1	39939	2	0
GL000202.1	40103	1	0
GL000234.1	40531	8	0
GL000232.1	40652	5	0
GL000206.1	41001	2	0
GL000240.1	41933	3	0
GL000236.1	41934	3	0
GL000241.1	42152	2	0
GL000243.1	43341	12	0
GL000242.1	43523	5	0
GL000230.1	43691	3	0
GL000237.1	45867	16	0
GL000233.1	45941	4	0
GL000204.1	81310	6	0
GL000198.1	90085	25	0
GL000208.1	92689	4	0
GL000191.1	106433	25	0
GL000227.1	128374	9	0
GL000228.1	129120	182	0
GL000214.1	137718	56	0
GL000221.1	155397	30	0
GL000209.1	159169	9	0
GL000218.1	161147	19	0
GL000220.1	161802	596	0
GL000213.1	164239	8	0
GL000211.1	166566	19	0
GL000199.1	169874	34	0
GL000217.1	172149	14	0
GL000216.1	172294	101	0
GL000215.1	172545	7	0
GL000205.1	174588	16	0
GL000219.1	179198	11	0
GL000224.1	179693	30	0
GL000223.1	180455	37	0
GL000195.1	182896	11	0
GL000212.1	186858	20	0
GL000222.1	186861	42	0
GL000200.1	187035	15	0
GL000193.1	189789	22	0
GL000194.1	191469	36	0
GL000225.1	211173	174	0
GL000192.1	547496	39	0
*	0	0	0
