1	249250621	60668	0
2	243199373	54609	0
3	198022430	43176	0
4	191154276	36619	0
5	180915260	38851	0
6	171115067	39199	0
7	159138663	39280	0
8	146364022	32411	0
9	141213431	30955	0
10	135534747	35062	0
11	135006516	31490	0
12	133851895	34026	0
13	115169878	19482	0
14	107349540	22396	0
15	102531392	22685	0
16	90354753	27037	0
17	81195210	29200	0
18	78077248	16860	0
19	59128983	25486	0
20	63025520	18213	0
21	48129895	9026	0
22	51304566	13807	0
X	155270560	31248	0
Y	59373566	2652	0
MT	16569	6272	0
GL000207.1	4262	0	0
GL000226.1	15008	126	0
GL000229.1	19913	15	0
GL000231.1	27386	15	0
GL000210.1	27682	2	0
GL000239.1	33824	18	0
GL000235.1	34474	17	0
GL000201.1	36148	2	0
GL000247.1	36422	7	0
GL000245.1	36651	18	0
GL000197.1	37175	4	0
GL000203.1	37498	5	0
GL000246.1	38154	5	0
GL000249.1	38502	9	0
GL000196.1	38914	9	0
GL000248.1	39786	6	0
GL000244.1	39929	12	0
GL000238.1	39939	5	0
GL000202.1	40103	9	0
GL000234.1	40531	47	0
GL000232.1	40652	38	0
GL000206.1	41001	7	0
GL000240.1	41933	15	0
GL000236.1	41934	10	0
GL000241.1	42152	9	0
GL000243.1	43341	26	0
GL000242.1	43523	19	0
GL000230.1	43691	10	0
GL000237.1	45867	43	0
GL000233.1	45941	8	0
GL000204.1	81310	7	0
GL000198.1	90085	23	0
GL000208.1	92689	14	0
GL000191.1	106433	38	0
GL000227.1	128374	14	0
GL000228.1	129120	398	0
GL000214.1	137718	83	0
GL000221.1	155397	46	0
GL000209.1	159169	7	0
GL000218.1	161147	47	0
GL000220.1	161802	944	0
GL000213.1	164239	8	0
GL000211.1	166566	32	0
GL000199.1	169874	134	0
GL000217.1	172149	40	0
GL000216.1	172294	316	0
GL000215.1	172545	9	0
GL000205.1	174588	30	0
GL000219.1	179198	27	0
GL000224.1	179693	49	0
GL000223.1	180455	59	0
GL000195.1	182896	35	0
GL000212.1	186858	47	0
GL000222.1	186861	100	0
GL000200.1	187035	42	0
GL000193.1	189789	40	0
GL000194.1	191469	81	0
GL000225.1	211173	674	0
GL000192.1	547496	98	0
*	0	0	0
