1	249250621	51839	0
2	243199373	49201	0
3	198022430	39686	0
4	191154276	34548	0
5	180915260	35351	0
6	171115067	33675	0
7	159138663	34556	0
8	146364022	28123	0
9	141213431	25854	0
10	135534747	29733	0
11	135006516	27234	0
12	133851895	29197	0
13	115169878	18776	0
14	107349540	19209	0
15	102531392	19257	0
16	90354753	21192	0
17	81195210	21846	0
18	78077248	15374	0
19	59128983	17228	0
20	63025520	14363	0
21	48129895	7908	0
22	51304566	9707	0
X	155270560	32250	0
Y	59373566	3406	0
MT	16569	7972	0
GL000207.1	4262	0	0
GL000226.1	15008	79	0
GL000229.1	19913	15	0
GL000231.1	27386	14	0
GL000210.1	27682	3	0
GL000239.1	33824	16	0
GL000235.1	34474	16	0
GL000201.1	36148	15	0
GL000247.1	36422	3	0
GL000245.1	36651	10	0
GL000197.1	37175	10	0
GL000203.1	37498	3	0
GL000246.1	38154	12	0
GL000249.1	38502	6	0
GL000196.1	38914	6	0
GL000248.1	39786	6	0
GL000244.1	39929	14	0
GL000238.1	39939	10	0
GL000202.1	40103	7	0
GL000234.1	40531	20	0
GL000232.1	40652	15	0
GL000206.1	41001	3	0
GL000240.1	41933	14	0
GL000236.1	41934	1	0
GL000241.1	42152	8	0
GL000243.1	43341	19	0
GL000242.1	43523	10	0
GL000230.1	43691	2	0
GL000237.1	45867	20	0
GL000233.1	45941	6	0
GL000204.1	81310	16	0
GL000198.1	90085	17	0
GL000208.1	92689	11	0
GL000191.1	106433	21	0
GL000227.1	128374	8	0
GL000228.1	129120	246	0
GL000214.1	137718	79	0
GL000221.1	155397	38	0
GL000209.1	159169	9	0
GL000218.1	161147	62	0
GL000220.1	161802	706	0
GL000213.1	164239	22	0
GL000211.1	166566	32	0
GL000199.1	169874	110	0
GL000217.1	172149	26	0
GL000216.1	172294	172	0
GL000215.1	172545	16	0
GL000205.1	174588	24	0
GL000219.1	179198	38	0
GL000224.1	179693	85	0
GL000223.1	180455	46	0
GL000195.1	182896	19	0
GL000212.1	186858	31	0
GL000222.1	186861	60	0
GL000200.1	187035	24	0
GL000193.1	189789	60	0
GL000194.1	191469	56	0
GL000225.1	211173	314	0
GL000192.1	547496	54	0
*	0	0	0
