1	249250621	37169	0
2	243199373	32027	0
3	198022430	25705	0
4	191154276	21692	0
5	180915260	22893	0
6	171115067	22033	0
7	159138663	22787	0
8	146364022	18001	0
9	141213431	17504	0
10	135534747	19607	0
11	135006516	18205	0
12	133851895	19281	0
13	115169878	12189	0
14	107349540	12729	0
15	102531392	13025	0
16	90354753	14535	0
17	81195210	15636	0
18	78077248	10004	0
19	59128983	12850	0
20	63025520	9388	0
21	48129895	5203	0
22	51304566	7033	0
X	155270560	16850	0
Y	59373566	3803	0
MT	16569	21016	0
GL000207.1	4262	0	0
GL000226.1	15008	27	0
GL000229.1	19913	7	0
GL000231.1	27386	16	0
GL000210.1	27682	0	0
GL000239.1	33824	3	0
GL000235.1	34474	10	0
GL000201.1	36148	2	0
GL000247.1	36422	10	0
GL000245.1	36651	9	0
GL000197.1	37175	14	0
GL000203.1	37498	0	0
GL000246.1	38154	7	0
GL000249.1	38502	3	0
GL000196.1	38914	1	0
GL000248.1	39786	1	0
GL000244.1	39929	12	0
GL000238.1	39939	5	0
GL000202.1	40103	5	0
GL000234.1	40531	14	0
GL000232.1	40652	13	0
GL000206.1	41001	3	0
GL000240.1	41933	9	0
GL000236.1	41934	3	0
GL000241.1	42152	7	0
GL000243.1	43341	24	0
GL000242.1	43523	8	0
GL000230.1	43691	1	0
GL000237.1	45867	11	0
GL000233.1	45941	2	0
GL000204.1	81310	9	0
GL000198.1	90085	16	0
GL000208.1	92689	8	0
GL000191.1	106433	26	0
GL000227.1	128374	8	0
GL000228.1	129120	332	0
GL000214.1	137718	81	0
GL000221.1	155397	29	0
GL000209.1	159169	4	0
GL000218.1	161147	49	0
GL000220.1	161802	992	0
GL000213.1	164239	15	0
GL000211.1	166566	32	0
GL000199.1	169874	44	0
GL000217.1	172149	16	0
GL000216.1	172294	129	0
GL000215.1	172545	4	0
GL000205.1	174588	16	0
GL000219.1	179198	22	0
GL000224.1	179693	63	0
GL000223.1	180455	28	0
GL000195.1	182896	9	0
GL000212.1	186858	26	0
GL000222.1	186861	30	0
GL000200.1	187035	27	0
GL000193.1	189789	32	0
GL000194.1	191469	50	0
GL000225.1	211173	250	0
GL000192.1	547496	65	0
*	0	0	0
