1	249250621	82337	0
2	243199373	86024	0
3	198022430	68260	0
4	191154276	57283	0
5	180915260	59998	0
6	171115067	55197	0
7	159138663	56807	0
8	146364022	45352	0
9	141213431	42206	0
10	135534747	48076	0
11	135006516	44905	0
12	133851895	46377	0
13	115169878	31834	0
14	107349540	31984	0
15	102531392	30219	0
16	90354753	31332	0
17	81195210	31355	0
18	78077248	26189	0
19	59128983	19951	0
20	63025520	21808	0
21	48129895	12945	0
22	51304566	12796	0
X	155270560	61701	0
Y	59373566	5794	0
MT	16569	253	0
GL000207.1	4262	0	0
GL000226.1	15008	7	0
GL000229.1	19913	12	0
GL000231.1	27386	11	0
GL000210.1	27682	0	0
GL000239.1	33824	2	0
GL000235.1	34474	14	0
GL000201.1	36148	9	0
GL000247.1	36422	5	0
GL000245.1	36651	9	0
GL000197.1	37175	14	0
GL000203.1	37498	0	0
GL000246.1	38154	11	0
GL000249.1	38502	5	0
GL000196.1	38914	1	0
GL000248.1	39786	2	0
GL000244.1	39929	25	0
GL000238.1	39939	14	0
GL000202.1	40103	6	0
GL000234.1	40531	9	0
GL000232.1	40652	1	0
GL000206.1	41001	0	0
GL000240.1	41933	3	0
GL000236.1	41934	0	0
GL000241.1	42152	2	0
GL000243.1	43341	5	0
GL000242.1	43523	5	0
GL000230.1	43691	1	0
GL000237.1	45867	10	0
GL000233.1	45941	2	0
GL000204.1	81310	16	0
GL000198.1	90085	1	0
GL000208.1	92689	0	0
GL000191.1	106433	15	0
GL000227.1	128374	9	0
GL000228.1	129120	137	0
GL000214.1	137718	53	0
GL000221.1	155397	34	0
GL000209.1	159169	4	0
GL000218.1	161147	96	0
GL000220.1	161802	285	0
GL000213.1	164239	23	0
GL000211.1	166566	11	0
GL000199.1	169874	14	0
GL000217.1	172149	17	0
GL000216.1	172294	34	0
GL000215.1	172545	20	0
GL000205.1	174588	34	0
GL000219.1	179198	19	0
GL000224.1	179693	66	0
GL000223.1	180455	20	0
GL000195.1	182896	8	0
GL000212.1	186858	21	0
GL000222.1	186861	11	0
GL000200.1	187035	15	0
GL000193.1	189789	94	0
GL000194.1	191469	75	0
GL000225.1	211173	68	0
GL000192.1	547496	44	0
*	0	0	0
