1	249250621	25146	0
2	243199373	22574	0
3	198022430	17992	0
4	191154276	15403	0
5	180915260	16001	0
6	171115067	16045	0
7	159138663	16454	0
8	146364022	13197	0
9	141213431	12522	0
10	135534747	14307	0
11	135006516	12912	0
12	133851895	14321	0
13	115169878	7966	0
14	107349540	9097	0
15	102531392	9265	0
16	90354753	10729	0
17	81195210	11903	0
18	78077248	7058	0
19	59128983	9867	0
20	63025520	7172	0
21	48129895	3566	0
22	51304566	5205	0
X	155270560	11266	0
Y	59373566	3956	0
MT	16569	2663	0
GL000207.1	4262	1	0
GL000226.1	15008	58	0
GL000229.1	19913	5	0
GL000231.1	27386	12	0
GL000210.1	27682	1	0
GL000239.1	33824	14	0
GL000235.1	34474	2	0
GL000201.1	36148	2	0
GL000247.1	36422	3	0
GL000245.1	36651	3	0
GL000197.1	37175	2	0
GL000203.1	37498	3	0
GL000246.1	38154	8	0
GL000249.1	38502	2	0
GL000196.1	38914	6	0
GL000248.1	39786	3	0
GL000244.1	39929	1	0
GL000238.1	39939	0	0
GL000202.1	40103	4	0
GL000234.1	40531	5	0
GL000232.1	40652	6	0
GL000206.1	41001	2	0
GL000240.1	41933	11	0
GL000236.1	41934	4	0
GL000241.1	42152	1	0
GL000243.1	43341	13	0
GL000242.1	43523	4	0
GL000230.1	43691	5	0
GL000237.1	45867	13	0
GL000233.1	45941	2	0
GL000204.1	81310	5	0
GL000198.1	90085	11	0
GL000208.1	92689	16	0
GL000191.1	106433	18	0
GL000227.1	128374	10	0
GL000228.1	129120	133	0
GL000214.1	137718	43	0
GL000221.1	155397	22	0
GL000209.1	159169	6	0
GL000218.1	161147	22	0
GL000220.1	161802	280	0
GL000213.1	164239	8	0
GL000211.1	166566	19	0
GL000199.1	169874	81	0
GL000217.1	172149	20	0
GL000216.1	172294	113	0
GL000215.1	172545	8	0
GL000205.1	174588	8	0
GL000219.1	179198	12	0
GL000224.1	179693	30	0
GL000223.1	180455	19	0
GL000195.1	182896	6	0
GL000212.1	186858	11	0
GL000222.1	186861	35	0
GL000200.1	187035	14	0
GL000193.1	189789	24	0
GL000194.1	191469	21	0
GL000225.1	211173	182	0
GL000192.1	547496	50	0
*	0	0	0
