1	249250621	19678	0
2	243199373	18975	0
3	198022430	15004	0
4	191154276	13223	0
5	180915260	12919	0
6	171115067	12486	0
7	159138663	13382	0
8	146364022	10254	0
9	141213431	9632	0
10	135534747	11349	0
11	135006516	10406	0
12	133851895	11050	0
13	115169878	7434	0
14	107349540	7337	0
15	102531392	7350	0
16	90354753	8580	0
17	81195210	9212	0
18	78077248	5835	0
19	59128983	6700	0
20	63025520	5254	0
21	48129895	3099	0
22	51304566	3360	0
X	155270560	13106	0
Y	59373566	2343	0
MT	16569	122	0
GL000207.1	4262	0	0
GL000226.1	15008	19	0
GL000229.1	19913	0	0
GL000231.1	27386	1	0
GL000210.1	27682	1	0
GL000239.1	33824	2	0
GL000235.1	34474	3	0
GL000201.1	36148	1	0
GL000247.1	36422	4	0
GL000245.1	36651	4	0
GL000197.1	37175	4	0
GL000203.1	37498	0	0
GL000246.1	38154	1	0
GL000249.1	38502	1	0
GL000196.1	38914	1	0
GL000248.1	39786	1	0
GL000244.1	39929	4	0
GL000238.1	39939	2	0
GL000202.1	40103	4	0
GL000234.1	40531	3	0
GL000232.1	40652	1	0
GL000206.1	41001	5	0
GL000240.1	41933	2	0
GL000236.1	41934	2	0
GL000241.1	42152	2	0
GL000243.1	43341	3	0
GL000242.1	43523	4	0
GL000230.1	43691	1	0
GL000237.1	45867	5	0
GL000233.1	45941	0	0
GL000204.1	81310	6	0
GL000198.1	90085	1	0
GL000208.1	92689	0	0
GL000191.1	106433	7	0
GL000227.1	128374	3	0
GL000228.1	129120	27	0
GL000214.1	137718	18	0
GL000221.1	155397	9	0
GL000209.1	159169	3	0
GL000218.1	161147	15	0
GL000220.1	161802	116	0
GL000213.1	164239	0	0
GL000211.1	166566	5	0
GL000199.1	169874	33	0
GL000217.1	172149	3	0
GL000216.1	172294	67	0
GL000215.1	172545	6	0
GL000205.1	174588	8	0
GL000219.1	179198	1	0
GL000224.1	179693	8	0
GL000223.1	180455	11	0
GL000195.1	182896	6	0
GL000212.1	186858	12	0
GL000222.1	186861	4	0
GL000200.1	187035	3	0
GL000193.1	189789	28	0
GL000194.1	191469	21	0
GL000225.1	211173	39	0
GL000192.1	547496	16	0
*	0	0	0
