1	249250621	47073	0
2	243199373	41173	0
3	198022430	33207	0
4	191154276	28022	0
5	180915260	28858	0
6	171115067	29394	0
7	159138663	31013	0
8	146364022	24111	0
9	141213431	23451	0
10	135534747	26847	0
11	135006516	23544	0
12	133851895	26477	0
13	115169878	14432	0
14	107349540	17049	0
15	102531392	17678	0
16	90354753	21133	0
17	81195210	23829	0
18	78077248	12482	0
19	59128983	22150	0
20	63025520	13446	0
21	48129895	6777	0
22	51304566	10825	0
X	155270560	18454	0
Y	59373566	6392	0
MT	16569	669	0
GL000207.1	4262	2	0
GL000226.1	15008	120	0
GL000229.1	19913	16	0
GL000231.1	27386	22	0
GL000210.1	27682	4	0
GL000239.1	33824	21	0
GL000235.1	34474	18	0
GL000201.1	36148	1	0
GL000247.1	36422	11	0
GL000245.1	36651	11	0
GL000197.1	37175	5	0
GL000203.1	37498	1	0
GL000246.1	38154	11	0
GL000249.1	38502	4	0
GL000196.1	38914	5	0
GL000248.1	39786	8	0
GL000244.1	39929	4	0
GL000238.1	39939	5	0
GL000202.1	40103	9	0
GL000234.1	40531	31	0
GL000232.1	40652	27	0
GL000206.1	41001	0	0
GL000240.1	41933	16	0
GL000236.1	41934	8	0
GL000241.1	42152	12	0
GL000243.1	43341	26	0
GL000242.1	43523	6	0
GL000230.1	43691	10	0
GL000237.1	45867	39	0
GL000233.1	45941	13	0
GL000204.1	81310	11	0
GL000198.1	90085	14	0
GL000208.1	92689	22	0
GL000191.1	106433	30	0
GL000227.1	128374	21	0
GL000228.1	129120	281	0
GL000214.1	137718	111	0
GL000221.1	155397	57	0
GL000209.1	159169	5	0
GL000218.1	161147	58	0
GL000220.1	161802	1518	0
GL000213.1	164239	11	0
GL000211.1	166566	34	0
GL000199.1	169874	114	0
GL000217.1	172149	41	0
GL000216.1	172294	278	0
GL000215.1	172545	14	0
GL000205.1	174588	28	0
GL000219.1	179198	26	0
GL000224.1	179693	75	0
GL000223.1	180455	60	0
GL000195.1	182896	27	0
GL000212.1	186858	40	0
GL000222.1	186861	57	0
GL000200.1	187035	28	0
GL000193.1	189789	38	0
GL000194.1	191469	76	0
GL000225.1	211173	588	0
GL000192.1	547496	73	0
*	0	0	0
