1	249250621	76132	0
2	243199373	70260	0
3	198022430	56444	0
4	191154276	46636	0
5	180915260	49990	0
6	171115067	52101	0
7	159138663	48773	0
8	146364022	42853	0
9	141213431	39590	0
10	135534747	45865	0
11	135006516	41363	0
12	133851895	42883	0
13	115169878	25396	0
14	107349540	27945	0
15	102531392	29005	0
16	90354753	33223	0
17	81195210	33830	0
18	78077248	22326	0
19	59128983	28785	0
20	63025520	23390	0
21	48129895	11753	0
22	51304566	17116	0
X	155270560	24089	0
Y	59373566	10479	0
MT	16569	450	0
GL000207.1	4262	0	0
GL000226.1	15008	416	0
GL000229.1	19913	11	0
GL000231.1	27386	18	0
GL000210.1	27682	2	0
GL000239.1	33824	25	0
GL000235.1	34474	19	0
GL000201.1	36148	1	0
GL000247.1	36422	10	0
GL000245.1	36651	16	0
GL000197.1	37175	8	0
GL000203.1	37498	4	0
GL000246.1	38154	5	0
GL000249.1	38502	9	0
GL000196.1	38914	7	0
GL000248.1	39786	8	0
GL000244.1	39929	12	0
GL000238.1	39939	4	0
GL000202.1	40103	3	0
GL000234.1	40531	53	0
GL000232.1	40652	57	0
GL000206.1	41001	4	0
GL000240.1	41933	17	0
GL000236.1	41934	15	0
GL000241.1	42152	12	0
GL000243.1	43341	47	0
GL000242.1	43523	11	0
GL000230.1	43691	11	0
GL000237.1	45867	38	0
GL000233.1	45941	17	0
GL000204.1	81310	11	0
GL000198.1	90085	15	0
GL000208.1	92689	24	0
GL000191.1	106433	30	0
GL000227.1	128374	18	0
GL000228.1	129120	531	0
GL000214.1	137718	121	0
GL000221.1	155397	68	0
GL000209.1	159169	20	0
GL000218.1	161147	81	0
GL000220.1	161802	1416	0
GL000213.1	164239	15	0
GL000211.1	166566	48	0
GL000199.1	169874	409	0
GL000217.1	172149	54	0
GL000216.1	172294	319	0
GL000215.1	172545	8	0
GL000205.1	174588	40	0
GL000219.1	179198	37	0
GL000224.1	179693	80	0
GL000223.1	180455	45	0
GL000195.1	182896	37	0
GL000212.1	186858	51	0
GL000222.1	186861	95	0
GL000200.1	187035	26	0
GL000193.1	189789	53	0
GL000194.1	191469	90	0
GL000225.1	211173	764	0
GL000192.1	547496	101	0
*	0	0	0
