1	249250621	66152	0
2	243199373	61620	0
3	198022430	49659	0
4	191154276	42225	0
5	180915260	44320	0
6	171115067	46179	0
7	159138663	43268	0
8	146364022	37878	0
9	141213431	34439	0
10	135534747	41217	0
11	135006516	36082	0
12	133851895	37510	0
13	115169878	22539	0
14	107349540	24384	0
15	102531392	25032	0
16	90354753	29273	0
17	81195210	28629	0
18	78077248	19802	0
19	59128983	23988	0
20	63025520	20337	0
21	48129895	10193	0
22	51304566	14123	0
X	155270560	19815	0
Y	59373566	8148	0
MT	16569	305	0
GL000207.1	4262	0	0
GL000226.1	15008	490	0
GL000229.1	19913	8	0
GL000231.1	27386	21	0
GL000210.1	27682	2	0
GL000239.1	33824	22	0
GL000235.1	34474	11	0
GL000201.1	36148	6	0
GL000247.1	36422	11	0
GL000245.1	36651	12	0
GL000197.1	37175	1	0
GL000203.1	37498	6	0
GL000246.1	38154	5	0
GL000249.1	38502	3	0
GL000196.1	38914	1	0
GL000248.1	39786	3	0
GL000244.1	39929	6	0
GL000238.1	39939	7	0
GL000202.1	40103	8	0
GL000234.1	40531	57	0
GL000232.1	40652	49	0
GL000206.1	41001	2	0
GL000240.1	41933	14	0
GL000236.1	41934	7	0
GL000241.1	42152	13	0
GL000243.1	43341	33	0
GL000242.1	43523	9	0
GL000230.1	43691	3	0
GL000237.1	45867	30	0
GL000233.1	45941	9	0
GL000204.1	81310	8	0
GL000198.1	90085	17	0
GL000208.1	92689	26	0
GL000191.1	106433	33	0
GL000227.1	128374	17	0
GL000228.1	129120	365	0
GL000214.1	137718	111	0
GL000221.1	155397	71	0
GL000209.1	159169	11	0
GL000218.1	161147	68	0
GL000220.1	161802	903	0
GL000213.1	164239	8	0
GL000211.1	166566	40	0
GL000199.1	169874	391	0
GL000217.1	172149	47	0
GL000216.1	172294	277	0
GL000215.1	172545	16	0
GL000205.1	174588	37	0
GL000219.1	179198	26	0
GL000224.1	179693	107	0
GL000223.1	180455	51	0
GL000195.1	182896	56	0
GL000212.1	186858	37	0
GL000222.1	186861	95	0
GL000200.1	187035	21	0
GL000193.1	189789	43	0
GL000194.1	191469	94	0
GL000225.1	211173	550	0
GL000192.1	547496	82	0
*	0	0	0
