1	249250621	8261	0
2	243199373	7379	0
3	198022430	5995	0
4	191154276	4898	0
5	180915260	5248	0
6	171115067	5263	0
7	159138663	5352	0
8	146364022	4310	0
9	141213431	4150	0
10	135534747	4599	0
11	135006516	4358	0
12	133851895	4533	0
13	115169878	2779	0
14	107349540	2903	0
15	102531392	3159	0
16	90354753	3331	0
17	81195210	3964	0
18	78077248	2261	0
19	59128983	3186	0
20	63025520	2407	0
21	48129895	1196	0
22	51304566	1833	0
X	155270560	4522	0
Y	59373566	297	0
MT	16569	35	0
GL000207.1	4262	0	0
GL000226.1	15008	5	0
GL000229.1	19913	1	0
GL000231.1	27386	2	0
GL000210.1	27682	1	0
GL000239.1	33824	1	0
GL000235.1	34474	1	0
GL000201.1	36148	1	0
GL000247.1	36422	1	0
GL000245.1	36651	4	0
GL000197.1	37175	3	0
GL000203.1	37498	0	0
GL000246.1	38154	1	0
GL000249.1	38502	1	0
GL000196.1	38914	1	0
GL000248.1	39786	1	0
GL000244.1	39929	1	0
GL000238.1	39939	1	0
GL000202.1	40103	0	0
GL000234.1	40531	8	0
GL000232.1	40652	3	0
GL000206.1	41001	2	0
GL000240.1	41933	3	0
GL000236.1	41934	3	0
GL000241.1	42152	2	0
GL000243.1	43341	3	0
GL000242.1	43523	1	0
GL000230.1	43691	2	0
GL000237.1	45867	1	0
GL000233.1	45941	1	0
GL000204.1	81310	5	0
GL000198.1	90085	3	0
GL000208.1	92689	2	0
GL000191.1	106433	3	0
GL000227.1	128374	0	0
GL000228.1	129120	43	0
GL000214.1	137718	7	0
GL000221.1	155397	8	0
GL000209.1	159169	4	0
GL000218.1	161147	10	0
GL000220.1	161802	145	0
GL000213.1	164239	0	0
GL000211.1	166566	5	0
GL000199.1	169874	7	0
GL000217.1	172149	6	0
GL000216.1	172294	23	0
GL000215.1	172545	1	0
GL000205.1	174588	4	0
GL000219.1	179198	3	0
GL000224.1	179693	4	0
GL000223.1	180455	11	0
GL000195.1	182896	2	0
GL000212.1	186858	6	0
GL000222.1	186861	13	0
GL000200.1	187035	3	0
GL000193.1	189789	2	0
GL000194.1	191469	11	0
GL000225.1	211173	83	0
GL000192.1	547496	7	0
*	0	0	0
