1	249250621	10309	0
2	243199373	9539	0
3	198022430	7760	0
4	191154276	6530	0
5	180915260	6646	0
6	171115067	6526	0
7	159138663	7080	0
8	146364022	5437	0
9	141213431	5336	0
10	135534747	6099	0
11	135006516	5602	0
12	133851895	5843	0
13	115169878	3490	0
14	107349540	3670	0
15	102531392	3879	0
16	90354753	4318	0
17	81195210	4908	0
18	78077248	3131	0
19	59128983	3777	0
20	63025520	3073	0
21	48129895	1570	0
22	51304566	2200	0
X	155270560	6184	0
Y	59373566	469	0
MT	16569	32	0
GL000207.1	4262	0	0
GL000226.1	15008	22	0
GL000229.1	19913	1	0
GL000231.1	27386	1	0
GL000210.1	27682	1	0
GL000239.1	33824	4	0
GL000235.1	34474	1	0
GL000201.1	36148	2	0
GL000247.1	36422	1	0
GL000245.1	36651	2	0
GL000197.1	37175	1	0
GL000203.1	37498	0	0
GL000246.1	38154	2	0
GL000249.1	38502	3	0
GL000196.1	38914	1	0
GL000248.1	39786	0	0
GL000244.1	39929	0	0
GL000238.1	39939	0	0
GL000202.1	40103	1	0
GL000234.1	40531	2	0
GL000232.1	40652	2	0
GL000206.1	41001	2	0
GL000240.1	41933	0	0
GL000236.1	41934	2	0
GL000241.1	42152	3	0
GL000243.1	43341	4	0
GL000242.1	43523	1	0
GL000230.1	43691	0	0
GL000237.1	45867	6	0
GL000233.1	45941	0	0
GL000204.1	81310	1	0
GL000198.1	90085	0	0
GL000208.1	92689	2	0
GL000191.1	106433	7	0
GL000227.1	128374	3	0
GL000228.1	129120	66	0
GL000214.1	137718	15	0
GL000221.1	155397	2	0
GL000209.1	159169	0	0
GL000218.1	161147	7	0
GL000220.1	161802	65	0
GL000213.1	164239	2	0
GL000211.1	166566	2	0
GL000199.1	169874	25	0
GL000217.1	172149	2	0
GL000216.1	172294	38	0
GL000215.1	172545	4	0
GL000205.1	174588	1	0
GL000219.1	179198	2	0
GL000224.1	179693	13	0
GL000223.1	180455	11	0
GL000195.1	182896	2	0
GL000212.1	186858	6	0
GL000222.1	186861	12	0
GL000200.1	187035	6	0
GL000193.1	189789	10	0
GL000194.1	191469	8	0
GL000225.1	211173	66	0
GL000192.1	547496	9	0
*	0	0	0
