1	249250621	20350	0
2	243199373	18875	0
3	198022430	15396	0
4	191154276	13705	0
5	180915260	13922	0
6	171115067	13588	0
7	159138663	14454	0
8	146364022	11566	0
9	141213431	10426	0
10	135534747	12141	0
11	135006516	11405	0
12	133851895	12096	0
13	115169878	7196	0
14	107349540	7588	0
15	102531392	7472	0
16	90354753	9073	0
17	81195210	9821	0
18	78077248	5900	0
19	59128983	7823	0
20	63025520	6125	0
21	48129895	3223	0
22	51304566	4705	0
X	155270560	9556	0
Y	59373566	2856	0
MT	16569	39	0
GL000207.1	4262	0	0
GL000226.1	15008	24	0
GL000229.1	19913	4	0
GL000231.1	27386	8	0
GL000210.1	27682	8	0
GL000239.1	33824	7	0
GL000235.1	34474	2	0
GL000201.1	36148	2	0
GL000247.1	36422	3	0
GL000245.1	36651	4	0
GL000197.1	37175	4	0
GL000203.1	37498	0	0
GL000246.1	38154	2	0
GL000249.1	38502	1	0
GL000196.1	38914	1	0
GL000248.1	39786	1	0
GL000244.1	39929	3	0
GL000238.1	39939	0	0
GL000202.1	40103	21	0
GL000234.1	40531	11	0
GL000232.1	40652	5	0
GL000206.1	41001	1	0
GL000240.1	41933	4	0
GL000236.1	41934	4	0
GL000241.1	42152	2	0
GL000243.1	43341	8	0
GL000242.1	43523	2	0
GL000230.1	43691	1	0
GL000237.1	45867	11	0
GL000233.1	45941	3	0
GL000204.1	81310	8	0
GL000198.1	90085	9	0
GL000208.1	92689	5	0
GL000191.1	106433	10	0
GL000227.1	128374	13	0
GL000228.1	129120	62	0
GL000214.1	137718	34	0
GL000221.1	155397	15	0
GL000209.1	159169	4	0
GL000218.1	161147	21	0
GL000220.1	161802	190	0
GL000213.1	164239	7	0
GL000211.1	166566	14	0
GL000199.1	169874	47	0
GL000217.1	172149	20	0
GL000216.1	172294	117	0
GL000215.1	172545	9	0
GL000205.1	174588	14	0
GL000219.1	179198	6	0
GL000224.1	179693	27	0
GL000223.1	180455	15	0
GL000195.1	182896	13	0
GL000212.1	186858	11	0
GL000222.1	186861	22	0
GL000200.1	187035	4	0
GL000193.1	189789	21	0
GL000194.1	191469	21	0
GL000225.1	211173	149	0
GL000192.1	547496	30	0
*	0	0	0
