1	249250621	31460	0
2	243199373	29205	0
3	198022430	23321	0
4	191154276	21809	0
5	180915260	20971	0
6	171115067	20897	0
7	159138663	20747	0
8	146364022	17397	0
9	141213431	16229	0
10	135534747	19330	0
11	135006516	16515	0
12	133851895	17487	0
13	115169878	10572	0
14	107349540	11545	0
15	102531392	11062	0
16	90354753	13533	0
17	81195210	13032	0
18	78077248	8939	0
19	59128983	11419	0
20	63025520	8344	0
21	48129895	4665	0
22	51304566	5933	0
X	155270560	13028	0
Y	59373566	6388	0
MT	16569	452	0
GL000207.1	4262	0	0
GL000226.1	15008	474	0
GL000229.1	19913	8	0
GL000231.1	27386	11	0
GL000210.1	27682	1	0
GL000239.1	33824	10	0
GL000235.1	34474	13	0
GL000201.1	36148	1	0
GL000247.1	36422	9	0
GL000245.1	36651	20	0
GL000197.1	37175	4	0
GL000203.1	37498	5	0
GL000246.1	38154	4	0
GL000249.1	38502	5	0
GL000196.1	38914	5	0
GL000248.1	39786	5	0
GL000244.1	39929	10	0
GL000238.1	39939	1	0
GL000202.1	40103	6	0
GL000234.1	40531	24	0
GL000232.1	40652	18	0
GL000206.1	41001	0	0
GL000240.1	41933	15	0
GL000236.1	41934	6	0
GL000241.1	42152	19	0
GL000243.1	43341	28	0
GL000242.1	43523	4	0
GL000230.1	43691	6	0
GL000237.1	45867	17	0
GL000233.1	45941	3	0
GL000204.1	81310	4	0
GL000198.1	90085	29	0
GL000208.1	92689	54	0
GL000191.1	106433	26	0
GL000227.1	128374	24	0
GL000228.1	129120	211	0
GL000214.1	137718	162	0
GL000221.1	155397	65	0
GL000209.1	159169	11	0
GL000218.1	161147	61	0
GL000220.1	161802	1131	0
GL000213.1	164239	13	0
GL000211.1	166566	25	0
GL000199.1	169874	454	0
GL000217.1	172149	41	0
GL000216.1	172294	404	0
GL000215.1	172545	6	0
GL000205.1	174588	33	0
GL000219.1	179198	63	0
GL000224.1	179693	121	0
GL000223.1	180455	27	0
GL000195.1	182896	38	0
GL000212.1	186858	46	0
GL000222.1	186861	27	0
GL000200.1	187035	14	0
GL000193.1	189789	58	0
GL000194.1	191469	46	0
GL000225.1	211173	642	0
GL000192.1	547496	68	0
*	0	0	0
