1	249250621	31260	0
2	243199373	29109	0
3	198022430	23177	0
4	191154276	20768	0
5	180915260	20690	0
6	171115067	20947	0
7	159138663	21144	0
8	146364022	17432	0
9	141213431	16064	0
10	135534747	19379	0
11	135006516	16629	0
12	133851895	17805	0
13	115169878	10370	0
14	107349540	11516	0
15	102531392	11547	0
16	90354753	14203	0
17	81195210	14348	0
18	78077248	8933	0
19	59128983	12482	0
20	63025520	9054	0
21	48129895	4948	0
22	51304566	6377	0
X	155270560	17216	0
Y	59373566	2285	0
MT	16569	474	0
GL000207.1	4262	0	0
GL000226.1	15008	175	0
GL000229.1	19913	6	0
GL000231.1	27386	9	0
GL000210.1	27682	2	0
GL000239.1	33824	11	0
GL000235.1	34474	7	0
GL000201.1	36148	0	0
GL000247.1	36422	7	0
GL000245.1	36651	4	0
GL000197.1	37175	2	0
GL000203.1	37498	5	0
GL000246.1	38154	2	0
GL000249.1	38502	4	0
GL000196.1	38914	4	0
GL000248.1	39786	6	0
GL000244.1	39929	3	0
GL000238.1	39939	0	0
GL000202.1	40103	2	0
GL000234.1	40531	16	0
GL000232.1	40652	17	0
GL000206.1	41001	2	0
GL000240.1	41933	8	0
GL000236.1	41934	9	0
GL000241.1	42152	8	0
GL000243.1	43341	14	0
GL000242.1	43523	5	0
GL000230.1	43691	3	0
GL000237.1	45867	16	0
GL000233.1	45941	5	0
GL000204.1	81310	7	0
GL000198.1	90085	8	0
GL000208.1	92689	15	0
GL000191.1	106433	22	0
GL000227.1	128374	14	0
GL000228.1	129120	134	0
GL000214.1	137718	63	0
GL000221.1	155397	34	0
GL000209.1	159169	7	0
GL000218.1	161147	31	0
GL000220.1	161802	818	0
GL000213.1	164239	8	0
GL000211.1	166566	18	0
GL000199.1	169874	150	0
GL000217.1	172149	16	0
GL000216.1	172294	336	0
GL000215.1	172545	10	0
GL000205.1	174588	11	0
GL000219.1	179198	12	0
GL000224.1	179693	23	0
GL000223.1	180455	19	0
GL000195.1	182896	19	0
GL000212.1	186858	24	0
GL000222.1	186861	27	0
GL000200.1	187035	13	0
GL000193.1	189789	19	0
GL000194.1	191469	53	0
GL000225.1	211173	423	0
GL000192.1	547496	62	0
*	0	0	0
