1	249250621	44079	0
2	243199373	39863	0
3	198022430	32218	0
4	191154276	29357	0
5	180915260	28882	0
6	171115067	29058	0
7	159138663	29245	0
8	146364022	23568	0
9	141213431	22374	0
10	135534747	26597	0
11	135006516	22902	0
12	133851895	24802	0
13	115169878	14373	0
14	107349540	16240	0
15	102531392	15950	0
16	90354753	19459	0
17	81195210	19703	0
18	78077248	12134	0
19	59128983	17760	0
20	63025520	12165	0
21	48129895	6759	0
22	51304566	9066	0
X	155270560	18030	0
Y	59373566	8747	0
MT	16569	3343	0
GL000207.1	4262	0	0
GL000226.1	15008	223	0
GL000229.1	19913	5	0
GL000231.1	27386	14	0
GL000210.1	27682	3	0
GL000239.1	33824	19	0
GL000235.1	34474	17	0
GL000201.1	36148	0	0
GL000247.1	36422	7	0
GL000245.1	36651	14	0
GL000197.1	37175	5	0
GL000203.1	37498	2	0
GL000246.1	38154	5	0
GL000249.1	38502	6	0
GL000196.1	38914	4	0
GL000248.1	39786	3	0
GL000244.1	39929	5	0
GL000238.1	39939	3	0
GL000202.1	40103	8	0
GL000234.1	40531	33	0
GL000232.1	40652	28	0
GL000206.1	41001	2	0
GL000240.1	41933	17	0
GL000236.1	41934	8	0
GL000241.1	42152	18	0
GL000243.1	43341	23	0
GL000242.1	43523	11	0
GL000230.1	43691	2	0
GL000237.1	45867	32	0
GL000233.1	45941	8	0
GL000204.1	81310	8	0
GL000198.1	90085	22	0
GL000208.1	92689	36	0
GL000191.1	106433	24	0
GL000227.1	128374	27	0
GL000228.1	129120	218	0
GL000214.1	137718	118	0
GL000221.1	155397	70	0
GL000209.1	159169	9	0
GL000218.1	161147	63	0
GL000220.1	161802	1157	0
GL000213.1	164239	12	0
GL000211.1	166566	56	0
GL000199.1	169874	208	0
GL000217.1	172149	34	0
GL000216.1	172294	504	0
GL000215.1	172545	15	0
GL000205.1	174588	29	0
GL000219.1	179198	35	0
GL000224.1	179693	103	0
GL000223.1	180455	32	0
GL000195.1	182896	38	0
GL000212.1	186858	62	0
GL000222.1	186861	32	0
GL000200.1	187035	31	0
GL000193.1	189789	36	0
GL000194.1	191469	52	0
GL000225.1	211173	734	0
GL000192.1	547496	74	0
*	0	0	0
