1	249250621	20622	0
2	243199373	19090	0
3	198022430	15700	0
4	191154276	13353	0
5	180915260	13775	0
6	171115067	14010	0
7	159138663	13937	0
8	146364022	11662	0
9	141213431	10646	0
10	135534747	12173	0
11	135006516	10965	0
12	133851895	11858	0
13	115169878	6929	0
14	107349540	7839	0
15	102531392	7865	0
16	90354753	9109	0
17	81195210	9522	0
18	78077248	6217	0
19	59128983	8238	0
20	63025520	6176	0
21	48129895	3212	0
22	51304566	4504	0
X	155270560	7595	0
Y	59373566	3749	0
MT	16569	225	0
GL000207.1	4262	0	0
GL000226.1	15008	26	0
GL000229.1	19913	4	0
GL000231.1	27386	13	0
GL000210.1	27682	0	0
GL000239.1	33824	5	0
GL000235.1	34474	8	0
GL000201.1	36148	0	0
GL000247.1	36422	8	0
GL000245.1	36651	3	0
GL000197.1	37175	1	0
GL000203.1	37498	1	0
GL000246.1	38154	3	0
GL000249.1	38502	4	0
GL000196.1	38914	3	0
GL000248.1	39786	1	0
GL000244.1	39929	0	0
GL000238.1	39939	2	0
GL000202.1	40103	1	0
GL000234.1	40531	16	0
GL000232.1	40652	17	0
GL000206.1	41001	1	0
GL000240.1	41933	6	0
GL000236.1	41934	3	0
GL000241.1	42152	4	0
GL000243.1	43341	5	0
GL000242.1	43523	3	0
GL000230.1	43691	1	0
GL000237.1	45867	7	0
GL000233.1	45941	3	0
GL000204.1	81310	4	0
GL000198.1	90085	5	0
GL000208.1	92689	3	0
GL000191.1	106433	11	0
GL000227.1	128374	7	0
GL000228.1	129120	109	0
GL000214.1	137718	46	0
GL000221.1	155397	27	0
GL000209.1	159169	15	0
GL000218.1	161147	20	0
GL000220.1	161802	391	0
GL000213.1	164239	4	0
GL000211.1	166566	21	0
GL000199.1	169874	42	0
GL000217.1	172149	19	0
GL000216.1	172294	119	0
GL000215.1	172545	12	0
GL000205.1	174588	10	0
GL000219.1	179198	8	0
GL000224.1	179693	45	0
GL000223.1	180455	17	0
GL000195.1	182896	14	0
GL000212.1	186858	15	0
GL000222.1	186861	18	0
GL000200.1	187035	13	0
GL000193.1	189789	13	0
GL000194.1	191469	18	0
GL000225.1	211173	277	0
GL000192.1	547496	41	0
*	0	0	0
