1	249250621	13706	0
2	243199373	12072	0
3	198022430	9664	0
4	191154276	8337	0
5	180915260	8547	0
6	171115067	8678	0
7	159138663	9164	0
8	146364022	7124	0
9	141213431	6842	0
10	135534747	7776	0
11	135006516	7027	0
12	133851895	7746	0
13	115169878	4218	0
14	107349540	5069	0
15	102531392	5094	0
16	90354753	6032	0
17	81195210	6840	0
18	78077248	3625	0
19	59128983	6350	0
20	63025520	4016	0
21	48129895	1982	0
22	51304566	3095	0
X	155270560	7495	0
Y	59373566	655	0
MT	16569	111	0
GL000207.1	4262	0	0
GL000226.1	15008	21	0
GL000229.1	19913	4	0
GL000231.1	27386	6	0
GL000210.1	27682	0	0
GL000239.1	33824	6	0
GL000235.1	34474	3	0
GL000201.1	36148	0	0
GL000247.1	36422	4	0
GL000245.1	36651	1	0
GL000197.1	37175	5	0
GL000203.1	37498	1	0
GL000246.1	38154	0	0
GL000249.1	38502	0	0
GL000196.1	38914	1	0
GL000248.1	39786	3	0
GL000244.1	39929	1	0
GL000238.1	39939	3	0
GL000202.1	40103	6	0
GL000234.1	40531	4	0
GL000232.1	40652	10	0
GL000206.1	41001	0	0
GL000240.1	41933	5	0
GL000236.1	41934	0	0
GL000241.1	42152	2	0
GL000243.1	43341	5	0
GL000242.1	43523	1	0
GL000230.1	43691	1	0
GL000237.1	45867	4	0
GL000233.1	45941	1	0
GL000204.1	81310	7	0
GL000198.1	90085	6	0
GL000208.1	92689	6	0
GL000191.1	106433	10	0
GL000227.1	128374	5	0
GL000228.1	129120	66	0
GL000214.1	137718	20	0
GL000221.1	155397	11	0
GL000209.1	159169	1	0
GL000218.1	161147	14	0
GL000220.1	161802	336	0
GL000213.1	164239	3	0
GL000211.1	166566	10	0
GL000199.1	169874	16	0
GL000217.1	172149	10	0
GL000216.1	172294	57	0
GL000215.1	172545	6	0
GL000205.1	174588	5	0
GL000219.1	179198	15	0
GL000224.1	179693	18	0
GL000223.1	180455	21	0
GL000195.1	182896	7	0
GL000212.1	186858	12	0
GL000222.1	186861	14	0
GL000200.1	187035	8	0
GL000193.1	189789	12	0
GL000194.1	191469	14	0
GL000225.1	211173	131	0
GL000192.1	547496	25	0
*	0	0	0
