1	249250621	10097	0
2	243199373	9186	0
3	198022430	7371	0
4	191154276	6553	0
5	180915260	6573	0
6	171115067	6274	0
7	159138663	6789	0
8	146364022	5443	0
9	141213431	5175	0
10	135534747	6006	0
11	135006516	5413	0
12	133851895	5681	0
13	115169878	3296	0
14	107349540	3728	0
15	102531392	3477	0
16	90354753	4516	0
17	81195210	4947	0
18	78077248	2818	0
19	59128983	4196	0
20	63025520	2919	0
21	48129895	1532	0
22	51304566	2262	0
X	155270560	5704	0
Y	59373566	825	0
MT	16569	28	0
GL000207.1	4262	0	0
GL000226.1	15008	24	0
GL000229.1	19913	2	0
GL000231.1	27386	0	0
GL000210.1	27682	6	0
GL000239.1	33824	1	0
GL000235.1	34474	2	0
GL000201.1	36148	1	0
GL000247.1	36422	3	0
GL000245.1	36651	1	0
GL000197.1	37175	0	0
GL000203.1	37498	0	0
GL000246.1	38154	1	0
GL000249.1	38502	2	0
GL000196.1	38914	1	0
GL000248.1	39786	3	0
GL000244.1	39929	2	0
GL000238.1	39939	1	0
GL000202.1	40103	7	0
GL000234.1	40531	6	0
GL000232.1	40652	4	0
GL000206.1	41001	5	0
GL000240.1	41933	0	0
GL000236.1	41934	2	0
GL000241.1	42152	0	0
GL000243.1	43341	7	0
GL000242.1	43523	3	0
GL000230.1	43691	0	0
GL000237.1	45867	2	0
GL000233.1	45941	1	0
GL000204.1	81310	12	0
GL000198.1	90085	0	0
GL000208.1	92689	5	0
GL000191.1	106433	5	0
GL000227.1	128374	1	0
GL000228.1	129120	21	0
GL000214.1	137718	22	0
GL000221.1	155397	3	0
GL000209.1	159169	2	0
GL000218.1	161147	8	0
GL000220.1	161802	107	0
GL000213.1	164239	2	0
GL000211.1	166566	5	0
GL000199.1	169874	25	0
GL000217.1	172149	9	0
GL000216.1	172294	96	0
GL000215.1	172545	5	0
GL000205.1	174588	3	0
GL000219.1	179198	5	0
GL000224.1	179693	11	0
GL000223.1	180455	7	0
GL000195.1	182896	7	0
GL000212.1	186858	9	0
GL000222.1	186861	10	0
GL000200.1	187035	6	0
GL000193.1	189789	6	0
GL000194.1	191469	7	0
GL000225.1	211173	65	0
GL000192.1	547496	20	0
*	0	0	0
